0
0.0020107
0.01186481
0.03517645
0.07109829
0.1149423
0.16402
0.2239509
0.3075132
0.4089203
0.5031171
0.5744821
0.6164396
0.6209577
0.5847954
0.5104446
0.3931046
0.2286303
0.01778333
-0.2393974
-0.5264797
-0.8182847
-1.096384
-1.348458
-1.567026
-1.741005
-1.858402
-1.913681
-1.906889
-1.841419
-1.717847
-1.534017
-1.290245
-0.9896749
-0.6402648
-0.252267
0.1639797
0.5966099
1.033423
1.462628
1.873788
2.257342
2.601225
2.889515
3.107765
3.248618
3.310286
3.291113
3.187273
2.998623
2.732159
2.40163
2.026742
1.612567
1.147852
0.6356848
0.08814199
-0.4893296
-1.089139
-1.693507
-2.284282
-2.85958
-3.416699
-3.930759
-4.367089
-4.701849
-4.924477
-5.028888
-5.009305
-4.860711
-4.58207
-4.179926
-3.667548
-3.059224
-2.367265
-1.60498
-0.7889405
0.06173295
0.9263942
1.784737
2.615702
3.396198
4.10815
4.738942
5.274251
5.699281
5.998771
6.158481
6.172466
6.043725
5.778291
5.380797
4.857246
4.220841
3.493365
2.70211
1.868555
1.004706
0.119598
-0.777083
-1.671724
-2.547254
-3.387495
-4.177749
-4.90056
-5.545199
-6.09933
-6.534813
-6.82671
-6.962795
-6.940351
-6.760645
-6.423144
-5.930932
-5.294129
-4.530656
-3.664107
-2.716044
-1.705267
-0.6525706
0.4194913
1.48816
2.528761
3.516157
4.428065
5.24437
5.94754
6.524805
6.964809
7.254344
7.381056
7.339921
7.134503
6.773193
6.267168
5.62733
4.866388
4.004025
3.068056
2.090416
1.09375
0.08819001
-0.9160638
-1.904638
-2.858895
-3.759789
-4.592153
-5.341638
-5.998634
-6.55207
-6.979445
-7.259094
-7.379754
-7.338448
-7.137956
-6.782105
-6.274778
-5.624183
-4.845852
-3.962438
-2.999137
-1.977482
-0.9160517
0.1642385
1.239947
2.287492
3.283534
4.205378
5.03364
5.752808
6.350194
6.814913
7.134445
7.297148
7.297827
7.137544
6.824012
6.369784
5.785526
5.082374
4.275806
3.387081
2.447006
1.484172
0.5129464
-0.4589387
-1.41925
-2.349198
-3.228686
-4.043923
-4.791051
-5.465317
-6.047972
-6.513191
-6.842253
-7.024048
-7.052641
-6.929186
-6.658382
-6.242882
-5.687956
-5.006207
-4.215835
-3.338783
-2.397193
-1.412134
-0.4026668
0.6127576
1.613623
2.578243
3.484426
4.312652
5.046795
5.673244
6.181263
6.558966
6.793859
6.877688
6.809096
6.594351
6.242553
5.763185
5.167217
4.46636
3.675943
2.816934
1.916925
1.005275
0.09644982
-0.8064642
-1.692775
-2.544362
-3.346386
-4.089885
-4.763691
-5.355721
-5.850753
-6.225777
-6.464621
-6.562702
-6.520813
-6.341165
-6.025165
-5.576562
-5.004819
-4.32413
-3.552037
-2.70964
-1.817579
-0.8942403
0.04247231
0.9749413
1.883277
2.748116
3.552448
4.279557
4.916005
5.450276
5.870349
6.164007
6.321328
6.338043
6.215511
5.960768
5.584116
5.094285
4.5002
3.81404
3.052411
2.239558
1.402004
0.5594444
-0.2771394
-1.100001
-1.89882
-2.664573
-3.387295
-4.05385
-4.652184
-5.167006
-5.57942
-5.872342
-6.036338
-6.069728
-5.973716
-5.751033
-5.403743
-4.935999
-4.358079
-3.685603
-2.937676
-2.132902
-1.290038
-0.4270236
0.4413155
1.297709
2.123096
2.901135
3.615916
4.252811
4.801315
5.250669
5.587674
5.801129
5.884798
5.837398
5.664025
5.373832
4.974955
4.474435
3.880116
3.206221
2.473343
1.703484
0.9155768
0.1238742
-0.6568346
-1.415308
-2.142684
-2.831407
-3.477822
-4.070219
-4.588972
-5.015344
-5.335483
-5.540338
-5.624228
-5.587862
-5.434729
-5.166069
-4.784036
-4.294725
-3.709279
-3.044617
-2.320047
-1.553766
-0.7609481
0.04380722
0.8431273
1.620118
2.360106
3.048886
3.673166
4.221013
4.680493
5.039605
5.28803
5.419067
5.430052
5.321945
5.101197
4.777915
4.359247
3.850133
3.259993
2.605194
1.904287
1.177466
0.4455442
-0.2819895
-0.9995686
-1.695585
-2.36081
-2.987381
-3.565805
-4.080621
-4.512292
-4.847002
-5.076255
-5.195381
-5.203001
-5.100828
-4.891817
-4.576804
-4.159245
-3.649721
-3.061435
-2.409345
-1.711651
-0.9855053
-0.244593
0.4976394
1.225736
1.924436
2.580167
3.180761
3.715267
4.172674
4.540312
4.80716
4.967334
5.017697
4.957981
4.793106
4.531217
4.178884
3.741109
3.226427
2.64553
2.012536
1.347722
0.6684955
-0.01426423
-0.689821
-1.346341
-1.974213
-2.568426
-3.120289
-3.612493
-4.030853
-4.364947
-4.60485
-4.744365
-4.781769
-4.719666
-4.560111
-4.30341
-3.95227
-3.513766
-2.9989
-2.421048
-1.795406
-1.138114
-0.4643194
0.2133806
0.8829378
1.531083
2.144773
2.712044
3.22233
3.665271
4.030645
4.308813
4.491547
4.574049
4.555501
4.438891
4.231131
3.939394
3.568519
3.125977
2.621184
2.064628
1.469903
0.8518082
0.2264288
-0.3936232
-1.002282
-1.591964
-2.150536
-2.667452
-3.132601
-3.535041
-3.865268
-4.113479
-4.272342
-4.339009
-4.314624
-4.202926
-4.006051
-3.723965
-3.359434
-2.921031
-2.42003
-1.869655
-1.28434
-0.6778432
-0.06323184
0.5474112
1.142866
1.712763
2.247017
2.734967
3.165729
3.530129
3.819329
4.024683
4.1405
4.164382
4.097505
3.945671
3.716624
3.414728
3.043016
2.608501
2.122755
1.597462
1.042064
0.4679005
-0.1107134
-0.6816743
-1.23507
-1.760499
-2.251143
-2.699614
-3.093145
-3.421086
-3.676642
-3.854416
-3.949818
-3.960988
-3.890734
-3.74187
-3.515226
-3.212979
-2.840834
-2.407233
-1.922517
-1.399805
-0.852387
-0.2921992
0.2692859
0.821403
1.353273
1.855727
2.32076
2.738564
3.098797
3.392024
3.610854
3.749582
3.80492
3.777226
3.669883
3.489233
3.240905
2.928406
2.55621
2.130792
1.661738
1.160851
0.6399793
0.1117463
-0.4124335
-0.9233034
-1.412956
-1.874352
-2.299696
-2.681168
-3.008001
-3.270273
-3.462785
-3.5819
-3.626712
-3.597275
-3.494448
-3.320344
-3.076528
-2.765749
-2.393796
-1.969505
-1.503973
-1.009663
-0.4990256
0.01728008
0.5307153
1.031933
1.510154
1.956432
2.362431
2.71892
3.017448
3.2504
3.411266
3.496178
3.504396
3.437928
3.301107
3.099957
2.839087
2.521438
2.152734
1.73961
1.290591
0.8185949
0.3353542
-0.1510904
-0.6340342
-1.103796
-1.548851
-1.961308
-2.336044
-2.665683
-2.940492
-3.152325
-3.2955
-3.367594
-3.370542
-3.307307
-3.178023
-2.981634
-2.720551
-2.400881
-2.029161
-1.612511
-1.160986
-0.6868865
-0.20223
0.2828781
0.7597701
1.219322
1.65237
2.051006
2.407333
2.712423
2.958172
3.13843
3.248916
3.288024
3.256426
3.157709
2.997513
2.779367
2.506205
2.182669
1.813963
1.407046
0.9715996
0.5180584
0.05572316
-0.4074716
-0.8627571
-1.298018
-1.703056
-2.071905
-2.398087
-2.674798
-2.896444
-3.05694
-3.151006
-3.178193
-3.140898
-3.041272
-2.880484
-2.658694
-2.37806
-2.044812
-1.667711
-1.255419
-0.8171091
-0.3641421
0.09342472
0.54724
0.9877716
1.405969
1.79364
2.142768
2.445679
2.695328
2.88594
3.013062
3.074124
3.068315
2.997817
2.867514
2.681942
2.444878
2.159554
1.829966
1.463057
1.067628
0.6513549
0.2209045
-0.2137436
-0.6409194
-1.052434
-1.442597
-1.80413
-2.128229
-2.406967
-2.633876
-2.80477
-2.916797
-2.968403
-2.960088
-2.893063
-2.767579
-2.583873
-2.343776
-2.051976
-1.715119
-1.340908
-0.9388954
-0.5179141
-0.08699103
0.3431836
0.7632542
1.165251
1.542003
1.886763
2.190697
2.445084
2.645061
2.787663
2.87007
2.890319
2.84814
2.747157
2.59373
2.392327
2.144643
1.853189
1.523504
1.16252
0.7784302
0.3796214
-0.02678326
-0.4325938
-0.8281674
-1.205142
-1.556506
-1.876076
-2.15772
-2.39397
-2.579414
-2.710665
-2.785708
-2.804227
-2.766994
-2.675799
-2.5293
-2.326941
-2.073747
-1.775368
-1.437519
-1.068292
-0.6769284
-0.2722722
0.1373363
0.5431454
0.9366719
1.309595
1.654005
1.963384
2.230326
2.447248
2.609204
2.713412
2.758811
2.745966
2.676717
2.554686
2.383969
2.166816
1.905448
1.604157
1.269101
0.9080452
0.5283921
0.1384092
