0
0.004789618
0.02337126
0.06356018
0.1293935
0.2224139
0.346081
0.48527
0.6076034
0.6947731
0.7421666
0.747313
0.7072665
0.6254225
0.5104189
0.3643254
0.1857532
-0.02056818
-0.2488543
-0.4965796
-0.7665121
-1.063132
-1.374215
-1.67615
-1.946027
-2.164507
-2.322169
-2.4133
-2.431912
-2.373217
-2.231442
-2.003487
-1.691128
-1.300131
-0.8409415
-0.3272039
0.2259613
0.802129
1.384432
1.957676
2.506954
3.019154
3.482686
3.880867
4.196974
4.417371
4.530958
4.536003
4.438695
4.249614
3.966779
3.569018
3.050483
2.423948
1.700774
0.8965984
0.03664136
-0.8543139
-1.758215
-2.649368
-3.498031
-4.27969
-4.972092
-5.572371
-6.088864
-6.505101
-6.792156
-6.929949
-6.901183
-6.698977
-6.327696
-5.794907
-5.111864
-4.290227
-3.343688
-2.292161
-1.159081
0.02985364
1.245573
2.456339
3.631413
4.741481
5.757278
6.653611
7.412597
8.019045
8.45548
8.707604
8.766683
8.626807
8.290999
7.772368
7.086905
6.255138
5.28911
4.193178
2.985776
1.688155
0.3284341
-1.05752
-2.438568
-3.779122
-5.049089
-6.221118
-7.263628
-8.153144
-8.876489
-9.433264
-9.816074
-10.00179
-9.97438
-9.724681
-9.250577
-8.562555
-7.676887
-6.614514
-5.400184
-4.057424
-2.611253
-1.092726
0.4631148
2.020164
3.542057
4.992819
6.338793
7.548884
8.59447
9.454029
10.11369
10.55963
10.77843
10.7637
10.51461
10.03654
9.345007
8.463121
7.421071
6.246426
4.946397
3.528905
2.019125
0.449939
-1.141223
-2.718462
-4.242199
-5.673392
-6.981348
-8.138259
-9.116314
-9.894697
-10.47183
-10.8541
-11.03145
-10.98786
-10.71442
-10.20633
-9.471891
-8.529149
-7.398626
-6.107671
-4.686998
-3.16415
-1.567381
0.06895901
1.706558
3.308838
4.840665
6.266759
7.555162
8.677881
9.611648
10.34016
10.85093
11.13226
11.17627
10.9808
10.55018
9.898264
9.046521
8.021262
6.852732
5.564084
4.164645
2.668323
1.107497
-0.4815563
-2.067857
-3.615772
-5.086472
-6.445188
-7.659828
-8.703617
-9.564505
-10.24092
-10.7249
-11.00031
-11.05445
-10.8807
-10.47331
-9.836122
-8.985936
-7.942182
-6.728084
-5.372591
-3.904259
-2.352106
-0.7483474
0.8727615
2.475353
4.023266
5.481414
6.818285
8.005297
9.016993
9.835369
10.44653
10.8361
10.99416
10.9175
10.60638
10.07055
9.329425
8.40282
7.318106
6.110181
4.795904
3.381281
1.890101
0.3533428
-1.195993
-2.719795
-4.186547
-5.565397
-6.824374
-7.937623
-8.882298
-9.644868
-10.22268
-10.60461
-10.77235
-10.71768
-10.43696
-9.928514
-9.202014
-8.275882
-7.172017
-5.916886
-4.539055
-3.066354
-1.528731
0.04109103
1.609136
3.140206
4.600017
5.956322
7.17926
8.243692
9.130826
9.825601
10.31186
10.57642
10.61424
10.42441
10.01048
9.388433
8.579785
7.602473
6.484669
5.259671
3.938362
2.529546
1.064221
-0.4231471
-1.901031
-3.339161
-4.709016
-5.979478
-7.120623
-8.103786
-8.91634
-9.5617
-10.02818
-10.29603
-10.35428
-10.19703
-9.819883
-9.226422
-8.432176
-7.455985
-6.319429
-5.050248
-3.677287
-2.226668
-0.7273691
0.7872422
2.283295
3.727854
5.088722
6.335944
7.443795
8.390644
9.159306
9.733942
10.10005
10.24979
10.18012
9.890667
9.390295
8.697892
7.831509
6.817173
5.688593
4.460273
3.139042
1.748491
0.3195214
-1.120114
-2.54012
-3.905933
-5.186353
-6.351806
-7.373706
-8.238778
-8.951322
-9.507237
-9.880124
-10.04865
-10.00712
-9.750441
-9.278035
-8.601164
-7.7363
-6.701924
-5.523557
-4.230703
-2.850088
-1.408216
0.06395445
1.533344
2.967239
4.334297
5.605232
6.752704
7.752945
8.587545
9.239812
9.692637
9.935021
9.963496
9.776874
9.378954
8.784383
8.012032
7.084516
6.030802
4.874715
3.631921
2.313243
0.9382774
-0.4611926
-1.851196
-3.198582
-4.476479
-5.659335
-6.721512
-7.643454
-8.418026
-9.042195
-9.496475
-9.75586
-9.810924
-9.657584
-9.290597
-8.716064
-7.950203
-7.010589
-5.91759
-4.697664
-3.380666
-1.994984
-0.5672913
0.8736407
2.2955
3.665211
4.952702
6.130438
7.174099
8.063801
8.781092
9.309002
9.63547
9.754265
9.662085
9.359145
8.855517
8.168833
7.318474
6.331711
5.236842
4.050296
2.788349
1.470016
0.115293
-1.244871
-2.577462
-3.85835
-5.058904
-6.145941
-7.099003
-7.916576
-8.596689
-9.11417
-9.443781
-9.577739
-9.51205
-9.23955
-8.759572
-8.085562
-7.235498
-6.227474
-5.084579
-3.834279
-2.504403
-1.123199
0.2807989
1.677903
3.037381
4.328825
5.5229
6.595373
7.526954
8.298126
8.889753
9.287815
9.485059
9.478269
9.265818
8.852004
8.251627
7.483074
6.565753
5.528571
4.402449
3.208219
1.955653
0.6551689
-0.6662588
-1.973966
-3.23963
-4.439858
-5.54863
-6.539454
-7.399246
-8.123585
-8.697468
-9.097034
-9.306844
-9.321525
-9.136096
-8.748212
-8.164869
-7.401722
-6.476521
-5.409113
-4.225893
-2.955381
-1.62552
-0.2642433
1.100841
2.440207
3.723442
4.922859
6.013924
6.975061
7.786674
8.430146
8.890055
9.156898
9.22621
9.095424
8.767071
8.252167
7.567699
6.733412
5.77137
4.708448
3.572722
2.37716
1.132962
-0.1321793
-1.396971
-2.639186
-3.827788
-4.935981
-5.93959
-6.824611
-7.584445
-8.20592
-8.668941
-8.954805
-9.05216
-8.955468
-8.660631
-8.17071
-7.499889
-6.665856
-5.686165
-4.582194
-3.379762
-2.107811
-0.7958266
0.5297713
1.841513
3.110152
4.308797
5.413029
6.401073
7.252835
7.948424
8.47005
8.805746
8.950283
8.900806
8.656077
8.223847
7.621665
6.868072
5.978987
4.9797
3.900115
2.75996
1.575483
0.3613555
-0.8639044
-2.07389
-3.242483
-4.344814
-5.358665
-6.266876
-7.056789
-7.720371
-8.241878
-8.596448
-8.76894
-8.755125
-8.552075
-8.158558
-7.582012
-6.838133
-5.944314
-4.919193
-3.786474
-2.57359
-1.308942
-0.02089051
1.264425
2.521007
3.721046
4.838712
5.851927
6.739945
7.481825
8.058118
8.456698
8.672461
8.701263
8.539958
8.192543
7.673212
6.996752
6.178655
5.241345
4.210846
3.11588
1.97688
0.8019695
-0.3911813
-1.572867
-2.718853
-3.808352
-4.817999
-5.73276
-6.546358
-7.244745
-7.805717
-8.207262
-8.438087
-8.494712
-8.369494
-8.05762
-7.564504
-6.904329
-6.094581
-5.152679
-4.09768
-2.954203
-1.750295
-0.513013
0.7308078
1.955179
3.134672
4.244233
5.261159
6.164171
6.932089
7.546599
7.994873
8.26962
8.366912
8.283819
8.019896
7.583126
6.991555
6.26156
5.405992
4.447295
3.415665
2.333182
1.216957
0.08462209
-1.046278
-2.150981
-3.210055
-4.206001
-5.122493
-5.951099
-6.67449
-7.272788
-7.724559
-8.011782
-8.130512
-8.076862
-7.846316
-7.440246
-6.868319
-6.147272
-5.293403
-4.325467
-3.265913
-2.137028
-0.9643591
0.2242129
1.402913
2.547616
3.634394
4.640197
5.543308
6.323243
6.963139
7.450742
7.776779
7.935436
7.923291
7.738579
7.38555
6.878223
6.234941
5.469032
4.596817
3.639754
2.618423
1.556992
0.4819268
-0.5852252
-1.635659
-2.656271
-3.621078
-4.51234
-5.324496
-6.043434
-6.646495
-7.11968
-7.448914
-7.622679
-7.637382
-7.488785
-7.174119
-6.699055
-6.078187
-5.327084
-4.46068
-3.497941
-2.462084
-1.376359
-0.2634739
0.8512945
1.942267
2.987092
3.965354
4.857313
5.643789
6.305221
6.826053
7.197848
7.414986
7.472918
7.369085
7.105049
6.689619
6.138875
5.468522
4.689881
3.819436
2.881904
1.903386
0.9047609
-0.099672
-1.095995
-2.065167
-2.988629
-3.85851
-4.665147
-5.393091
-6.026258
-6.539342
-6.914451
-7.147495
-7.232848
-7.163856
-6.937279
-6.555839
-6.029171
-5.371135
-4.596867
-3.723059
-2.769392
-1.757883
-0.7115914
0.34631
1.393716
2.408231
3.367766
4.253025
5.044498
5.723461
6.275683
6.690383
6.960486
7.081804
7.050456
6.865033
6.531565
6.062694
5.473554
4.778585
3.989522
3.123303
2.204519
1.25292
0.2874409
