0
0.008174731
0.04022697
0.1162274
0.2500222
0.41825
0.5748166
0.6836153
0.7324618
0.7305281
0.6868091
0.6080245
0.4950649
0.3498698
0.180733
-0.009407586
-0.2103528
-0.416111
-0.621316
-0.799237
-0.9419608
-1.076205
-1.229733
-1.414043
-1.614537
-1.799522
-1.948163
-2.052406
-2.103589
-2.086865
-1.987108
-1.797291
-1.519436
-1.162072
-0.7366387
-0.2566623
0.2620363
0.8019691
1.344754
1.873697
2.375776
2.841588
3.266742
3.645967
3.965406
4.207003
4.362591
4.441514
4.448679
4.352655
4.108021
3.705262
3.159232
2.484488
1.703796
0.8395151
-0.08410911
-1.031246
-1.974784
-2.890506
-3.749921
-4.532357
-5.20968
-5.749496
-6.147083
-6.429196
-6.619995
-6.707513
-6.659356
-6.459391
-6.109671
-5.615592
-4.979184
-4.202921
-3.294403
-2.270072
-1.154874
0.02284081
1.231066
2.436632
3.607238
4.710597
5.717528
6.603928
7.353062
7.953019
8.394416
8.66859
8.762512
8.669629
8.403828
7.984833
7.406169
6.644992
5.689523
4.548377
3.255266
1.849202
0.3718342
-1.129916
-2.620358
-4.063566
-5.423032
-6.665637
-7.756581
-8.660802
-9.35028
-9.820235
-10.08067
-10.15006
-10.0426
-9.747112
-9.24714
-8.544875
-7.656669
-6.600991
-5.393676
-4.052373
-2.599449
-1.064625
0.5139124
2.096659
3.645947
5.123945
6.493226
7.719512
8.774465
9.638976
10.30079
10.75241
10.98731
10.99671
10.77557
10.3327
9.698848
8.890887
7.89586
6.714158
5.355598
3.838677
2.211428
0.5170428
-1.215082
-2.936702
-4.589215
-6.131298
-7.532638
-8.75858
-9.774874
-10.55732
-11.09258
-11.38055
-11.44314
-11.30884
-10.97693
-10.42696
-9.657488
-8.68696
-7.537902
-6.230079
-4.784697
-3.227317
-1.586232
0.1026294
1.798123
3.460262
5.049772
6.528629
7.86294
9.02308
9.986501
10.73748
11.26618
11.56798
11.63505
11.46127
11.05212
10.42924
9.623042
8.641597
7.478683
6.137432
4.622629
2.962635
1.218553
-0.5471918
-2.297166
-4.006084
-5.629324
-7.113461
-8.421533
-9.534648
-10.42531
-11.06605
-11.46175
-11.63304
-11.59118
-11.33801
-10.86804
-10.17732
-9.275758
-8.185331
-6.930642
-5.532497
-4.013926
-2.402346
-0.7295406
0.9667491
2.646683
4.270511
5.800343
7.201273
8.44132
9.494976
10.34555
10.98036
11.39186
11.57459
11.52074
11.22856
10.71244
10.00287
9.119674
8.062533
6.827064
5.409219
3.828649
2.140759
0.3998873
-1.354776
-3.078801
-4.729504
-6.269357
-7.659256
-8.864151
-9.846159
-10.586
-11.09412
-11.37614
-11.44106
-11.3099
-10.97875
-10.42942
-9.663031
-8.697188
-7.556016
-6.259855
-4.82899
-3.289542
-1.671611
-0.01096566
1.655082
3.289216
4.853332
6.310552
7.627183
8.776423
9.737929
10.49501
11.03737
11.35688
11.44342
11.29228
10.90999
10.31612
9.535909
8.584882
7.458417
6.151989
4.685232
3.092031
1.412869
-0.3099049
-2.035701
-3.722346
-5.324957
-6.802411
-8.115726
-9.222157
-10.1028
-10.75855
-11.18962
-11.40207
-11.40389
-11.19527
-10.76487
-10.10785
-9.235236
-8.169753
-6.939209
-5.565541
-4.07036
-2.481757
-0.8331625
0.8386428
2.495529
4.098979
5.611343
6.997266
8.227697
9.281013
10.1375
10.7815
11.20407
11.39568
11.34898
11.06484
10.55824
9.856024
8.978402
7.927062
6.694787
5.291307
3.745406
2.094143
0.3840495
-1.335482
-3.024168
-4.64405
-6.152428
-7.515308
-8.69808
-9.665363
-10.40369
-10.91259
-11.19908
-11.27791
-11.15582
-10.82185
-10.26495
-9.491735
-8.519488
-7.372559
-6.07522
-4.649642
-3.121588
-1.520449
0.1180678
1.756159
3.357496
4.885672
6.30768
7.592658
8.712059
9.643832
10.37324
10.89179
11.18756
11.24914
11.07462
10.6695
10.05575
9.261708
8.297327
7.166934
5.875336
4.432351
2.870645
1.227701
-0.4631617
-2.156659
-3.810083
-5.380526
-6.815094
-8.079617
-9.144192
-9.986359
-10.60609
-11.00979
-11.20752
-11.20351
-10.98931
-10.54998
-9.88518
-9.009139
-7.942044
-6.710506
-5.338669
-3.850727
-2.275923
-0.6462576
1.00245
2.631889
4.204675
5.685038
7.040396
8.24357
9.270283
10.09864
10.71612
11.11343
11.27772
11.20306
10.89125
10.36047
9.643314
8.752862
7.683933
6.442966
5.04799
3.521263
1.895889
0.2068084
-1.503254
-3.1767
-4.774562
-6.262756
-7.589433
-8.719075
-9.641971
-10.35615
-10.85374
-11.13664
-11.21654
-11.08833
-10.73749
-10.16047
-9.36642
-8.369628
-7.196144
-5.875959
-4.431134
-2.887729
-1.27908
0.3594483
1.992491
3.58419
5.098262
6.500975
7.762931
8.859175
9.765988
10.46655
10.95024
11.2029
11.21679
10.99243
10.53727
9.876028
9.034657
8.026929
6.85934
5.535316
4.073194
2.506877
0.871591
-0.7912965
-2.43809
-4.031165
-5.53579
-6.912999
-8.130211
-9.164595
-9.989799
-10.59412
-10.982
-11.16097
-11.13606
-10.8969
-10.43006
-9.738878
-8.836293
-7.742417
-6.487832
-5.098428
-3.595459
-2.010298
-0.379827
1.261673
2.879327
4.435824
5.895166
7.227256
8.404199
9.399429
10.19676
10.78467
11.14521
11.26612
11.14687
10.79067
10.21599
9.45472
8.520268
7.415749
6.155711
4.757003
3.238019
1.621815
-0.05623886
-1.745943
-3.397121
-4.965859
-6.414765
-7.709267
-8.816378
-9.718735
-10.41117
-10.88766
-11.15205
-11.21507
-11.06889
-10.69321
-10.08519
-9.258464
-8.230022
-7.02581
-5.676586
-4.206962
-2.642822
-1.018252
0.6292902
2.263176
3.84842
5.350955
6.738161
7.979401
9.046595
9.920279
10.58792
11.03409
11.24454
11.21424
10.94351
10.44237
9.74018
8.865413
7.826462
6.628142
5.285563
3.814583
2.236662
0.590014
-1.07872
-2.727552
-4.319109
-5.811849
-7.165081
-8.342934
-9.326009
-10.10421
-10.66765
-11.0208
-11.17031
-11.11064
-10.82602
-10.30882
-9.569631
-8.623265
-7.489368
-6.197531
-4.776796
-3.253804
-1.659561
-0.02850894
1.604252
3.203236
4.733351
6.161097
7.454389
8.584392
9.529857
10.27633
10.80833
11.10883
11.16965
10.99137
10.57961
9.952112
9.138967
8.163695
7.029688
5.744047
4.331065
2.815861
1.225635
-0.4058623
-2.036923
-3.621768
-5.119776
-6.500072
-7.732038
-8.786466
-9.643275
-10.2892
-10.72857
-10.97143
-11.01655
-10.84755
-10.44722
-9.818931
-8.977073
-7.93756
-6.725575
-5.372521
-3.905769
-2.353166
-0.7477509
0.8748088
2.479095
4.030025
5.492707
6.835043
8.028316
9.048317
9.878046
10.50174
10.90054
11.06309
10.98784
10.67637
10.14049
9.407663
8.502074
7.435414
6.224016
4.885787
3.434823
1.896548
0.3054119
-1.3007
-2.879604
-4.393727
-5.807144
-7.084788
-8.20046
-9.136485
-9.881959
-10.4338
-10.78692
-10.93268
-10.86587
-10.57445
-10.05163
-9.30774
-8.358448
-7.225393
-5.939269
-4.530144
-3.023472
-1.448317
0.1608575
1.767282
3.335385
4.831071
6.219127
7.468721
8.555916
9.461827
10.1695
10.66003
10.91955
10.94367
10.73231
10.29119
9.644041
8.821539
7.836473
6.6938
5.408266
4.003674
2.505419
0.9420933
-0.6461811
-2.218857
-3.740636
-5.181149
-6.512157
-7.694939
-8.693993
-9.499971
-10.11336
-10.5327
-10.75869
-10.77862
-10.57723
-10.14819
-9.496768
-8.638579
-7.589196
-6.372655
-5.022374
-3.569108
-2.038856
-0.4613312
1.128694
2.694583
4.200176
5.612201
6.899717
8.035345
8.998659
9.771566
10.33413
10.67171
10.77949
10.65622
10.30265
9.734934
8.979301
8.056479
6.983379
5.773057
4.441205
3.006148
1.495909
-0.0464871
-1.583402
-3.086056
-4.527825
-5.868464
-7.068858
-8.115307
-8.995995
-9.693624
-10.19553
-10.49806
-10.60088
-10.49304
-10.16026
-9.603665
-8.836514
-7.873902
-6.73753
-5.456919
-4.063597
-2.586206
-1.052106
0.506418
2.05421
3.556639
4.979066
6.289984
7.463679
8.478714
9.314815
9.95083
10.36874
10.56072
10.52623
10.26459
9.782658
9.102928
8.25696
7.266426
6.139033
4.884267
3.522036
2.079627
0.5832714
