0
0.001105525
0.004157981
0.008763065
0.01549264
0.0243986
0.03438374
0.04476841
0.05513792
0.06479886
0.07322224
0.07976879
0.08311856
0.08169271
0.07446678
0.06138808
0.04242652
0.01779753
-0.01174208
-0.04531654
-0.08211604
-0.1204171
-0.1578393
-0.1932387
-0.2255404
-0.252235
-0.271446
-0.2828021
-0.2858146
-0.2801551
-0.2658908
-0.2427444
-0.2104601
-0.1693155
-0.1199337
-0.06352917
-0.001866619
0.06417002
0.1341187
0.2061866
0.2773851
0.3452463
0.4079814
0.4630971
0.5082416
0.5416661
0.561965
0.5685163
0.560706
0.5381373
0.5010033
0.4493476
0.3842209
0.3079476
0.2218235
0.1267747
0.02489518
-0.08212105
-0.1924335
-0.3028778
-0.4106827
-0.5139577
-0.609567
-0.6936861
-0.7636145
-0.8169979
-0.8516624
-0.8658803
-0.8592601
-0.8319007
-0.7835163
-0.7150735
-0.6285487
-0.5256809
-0.4085616
-0.2800827
-0.1432873
-0.0009982566
0.1441458
0.2889721
0.4300577
0.5644904
0.6897223
0.8029563
0.9011306
0.9812797
1.040637
1.077076
1.088954
1.075717
1.037987
0.9765862
0.892873
0.7883126
0.6652655
0.5269084
0.3758081
0.2150856
0.04807431
-0.1221397
-0.2916231
-0.4565665
-0.6136417
-0.7597626
-0.8922967
-1.008136
-1.103918
-1.176443
-1.223568
-1.244479
-1.238577
-1.205468
-1.145065
-1.058014
-0.9461746
-0.8126125
-0.661292
-0.4958569
-0.3191604
-0.1343775
0.05431218
0.2422937
0.4253906
0.5998973
0.762657
0.9107465
1.040695
1.14879
1.232365
1.290369
1.321818
1.324969
1.298925
1.244756
1.163654
1.056739
0.926578
0.7764064
0.6097732
0.4306733
0.2431677
0.05113694
-0.1414438
-0.330771
-0.5132709
-0.6856371
-0.8443638
-0.9858506
-1.107611
-1.207011
-1.281277
-1.328511
-1.347546
-1.337885
-1.299774
-1.23389
-1.141266
-1.023975
-0.8850763
-0.7281482
-0.5563908
-0.3729998
-0.1819494
0.01224981
0.205478
0.3943143
0.5745839
0.7419631
0.8934401
1.026688
1.138586
1.226352
1.288763
1.324236
1.33126
1.309423
1.259649
1.183778
1.083224
0.9605561
0.8191736
0.6613475
0.4899025
0.3087561
0.1219637
-0.06633399
-0.2518028
-0.4302172
-0.5990614
-0.7562991
-0.8983479
-1.021472
-1.122923
-1.201353
-1.255473
-1.283274
-1.283941
-1.257751
-1.204996
-1.1266
-1.02467
-0.90186
-0.7610555
-0.6053154
-0.4381936
-0.2632147
-0.0834869
0.09758459
0.276154
0.4481328
0.6101447
0.759626
0.8937116
1.009421
1.103816
1.174305
1.219959
1.240097
1.233995
1.20209
1.145143
1.064477
0.961993
0.8399287
0.7010419
0.5485691
0.3861527
0.2170745
0.04406246
-0.1293102
-0.2988221
-0.46147
-0.6144783
-0.7541239
-0.8777561
-0.9840804
-1.070782
-1.13532
-1.176109
-1.192171
-1.183208
-1.149166
-1.090565
-1.008858
-0.9062526
-0.785562
-0.6497518
-0.5014389
-0.3434834
-0.179503
-0.01293067
0.1532725
0.3160898
0.4721313
0.6180974
0.7516058
0.8700998
0.9703925
1.050169
1.108085
1.143011
1.154028
1.140555
1.102884
1.042342
0.9601626
0.8575513
0.7369049
0.6017099
0.4548298
0.2988316
0.1374266
-0.02613959
-0.1886318
-0.3461253
-0.4956178
-0.6343704
-0.7600862
-0.8707272
-0.9633335
-1.035479
-1.085947
-1.113639
-1.117726
-1.098504
-1.056511
-0.9923158
-0.9071975
-0.8029397
-0.6820629
-0.5474974
-0.402169
-0.2492221
-0.09201296
0.06621706
0.2226037
0.3739984
0.5171165
0.6492887
0.7677207
0.8702473
0.9556163
1.021489
1.065507
1.086919
1.085021
1.059394
1.011174
0.9416525
0.8522588
0.7458197
0.6247954
0.4908947
0.3471498
0.1972541
0.04467636
-0.1077084
-0.256816
-0.3996898
-0.5348979
-0.6600099
-0.7714114
-0.8666368
-0.9440707
-1.00212
-1.039455
-1.054959
-1.047695
-1.017785
-0.9666567
-0.8957728
-0.8063394
-0.6998647
-0.578285
-0.4448034
-0.3027499
-0.1550266
-0.005059263
0.1441317
0.2898622
0.4294089
0.5599233
0.6788276
0.7838904
0.8726072
0.9431155
0.9940395
1.02396
1.031721
1.016978
0.9807158
0.9241586
0.8481205
0.7540266
0.644493
0.5221539
0.3894999
0.24942
0.1048765
-0.0411187
-0.1857818
-0.3259948
-0.4590383
-0.5829493
-0.6949956
-0.7923529
-0.8726537
-0.9344184
-0.9769496
-0.999059
-0.9999516
-0.9794488
-0.9378871
-0.8767104
-0.7972444
-0.7009674
-0.5904515
-0.4680998
-0.3366906
-0.1994088
-0.05859609
0.08290958
0.2219003
0.3555987
0.4818402
0.5986422
0.7029444
0.7919784
0.8642525
0.9185236
0.9535779
0.9687311
0.9634833
0.9377461
0.8922318
0.8279943
0.7462385
0.6486945
0.5378892
0.4163451
0.28691
0.1526967
0.01624625
-0.1200475
-0.253342
-0.3808484
-0.5005956
-0.6098937
-0.7057684
-0.7867281
-0.8514659
-0.8982128
-0.9258715
-0.9345228
-0.924332
-0.894855
-0.8463013
-0.7799973
-0.6975082
-0.6004285
-0.4907691
-0.371222
-0.2443849
-0.1130019
0.01967901
0.1510766
0.2788076
0.4005635
0.5140678
0.6171483
0.7076101
0.7828038
0.841825
0.884142
0.9076841
0.9116597
0.8961743
0.8614083
0.8083462
0.7379376
0.6521203
0.5532265
0.4432139
0.3245915
0.1999907
0.07150071
-0.05837816
-0.1863309
-0.3093795
-0.4252364
-0.5326079
-0.6296951
-0.713905
-0.7832699
-0.836202
-0.8716773
-0.889071
-0.8874201
-0.8664933
-0.8273892
-0.7711573
-0.6984892
-0.6105015
-0.509516
-0.3982526
-0.2789412
-0.1544066
-0.02762152
0.09907161
0.2231266
0.3418655
0.4531521
0.5548424
0.6446884
0.7215254
0.7844989
0.8314803
0.8602096
0.8698757
0.8606686
0.8330256
0.78783
0.7263301
0.6500321
0.5607484
0.4603667
0.3509123
0.2344102
0.1130295
-0.01036085
-0.1327288
-0.2515216
-0.3646384
-0.4704802
-0.5667801
-0.6508862
-0.7215908
-0.7779515
-0.8182563
-0.8411657
-0.8462996
-0.8338118
-0.8036402
-0.7561206
-0.6928995
-0.6155945
-0.5251863
-0.4233514
-0.3130192
-0.1971017
-0.07788371
0.04241381
0.1616734
0.2774301
0.3873077
0.4891651
0.5808196
0.6605889
0.7265188
0.7769045
0.8110432
0.8281761
0.8273569
0.8086164
0.7732638
0.722214
0.6563799
0.5772014
0.486178
0.3851061
0.276104
0.1619436
0.0449895
-0.0728187
-0.1891225
-0.3012875
-0.4068292
-0.5037994
-0.5906139
-0.6654465
-0.7263277
-0.7719434
-0.8014634
-0.814433
-0.8101382
-0.7881388
-0.7495533
-0.6957538
-0.6273639
-0.5455297
-0.4522885
-0.34952
-0.2397746
-0.1256945
-0.009203089
0.1073297
0.2211648
0.3299171
0.431898
0.5251527
0.6072553
0.6761894
0.7304181
0.7689186
0.7912372
0.7968737
0.7854201
0.7572108
0.7132493
0.6547038
0.5825641
0.4985764
0.4050155
0.3034865
0.1958611
0.08439065
-0.02857504
-0.1402193
-0.2484773
-0.3516055
-0.4470438
-0.5325012
-0.6068278
-0.6686732
-0.7162873
-0.7487693
-0.7657568
-0.766986
-0.7521358
-0.7218602
-0.6775246
-0.6191726
-0.5470161
-0.4630899
-0.3696469
-0.2687275
-0.1625651
-0.0532047
0.05712458
0.1657622
0.2701317
0.3681816
0.4582402
0.5387768
0.608245
0.6650823
0.7082879
0.736829
0.7492033
0.7452725
0.726014
0.691933
0.6434061
0.5816871
0.5082123
0.4240869
0.3310226
0.2310975
0.1267288
0.02023954
-0.08635542
-0.1905778
-0.2901495
-0.3834072
-0.4687301
-0.5442718
-0.6082225
-0.6592587
-0.6962797
-0.7185385
-0.7260388
-0.7188841
-0.697256
-0.6616115
-0.6120638
-0.5491317
-0.4742745
-0.389519
-0.2968281
-0.1981662
-0.09601605
0.007479236
0.1104585
0.2107477
0.3062097
0.3951344
0.4760566
0.5473865
0.6074198
0.6545664
0.6877034
0.7059776
0.7090738
0.697269
0.670584
0.6302066
0.5778305
0.5138921
0.4393533
0.3558874
0.2650312
0.1688989
0.06962263
-0.03104644
-0.1309666
-0.2277077
-0.3191483
-0.4038004
-0.4799393
-0.545593
-0.5998753
-0.6424634
-0.6723093
-0.6883666
-0.6898484
-0.6761833
-0.6480278
-0.6062896
-0.5518771
-0.4866203
-0.411759
-0.3281837
-0.2382459
-0.1442256
-0.04731895
0.05118301
0.1491003
0.243745
0.3332578
0.4161335
0.4902827
0.5537398
0.6049216
0.6429014
0.6676434
0.6784481
0.6747948
0.6574374
0.6266718
0.5827125
0.5261472
0.4575477
0.3790679
0.2941765
0.2040385
0.1093098
0.01286646
-0.08340618
-0.1778509
-0.2679986
-0.3527641
-0.4309485
-0.5001175
-0.5585401
-0.6054025
-0.6396327
-0.6601155
-0.6665772
-0.6591547
-0.6380337
-0.6037889
-0.5567829
-0.4979243
-0.4286025
-0.3500097
-0.2638846
-0.1724234
-0.07759792
0.01872641
0.1145015
0.2079069
0.2971048
0.3799634
0.4542902
0.5185188
0.5718731
0.6133184
0.6412524
0.6549401
0.6551661
0.6421958
0.6158474
0.576596
0.5245939
0.4607905
0.3878252
0.3077897
0.2219201
0.1320573
0.03992331
