0
0.0019253160981475
0.0107380317776836
0.0294030605155351
0.0547251930823511
0.0814108048621879
0.105881162397396
0.126713143870878
0.143933835447681
0.155634149656423
0.158968408546236
0.153031610007212
0.137863763893044
0.113957617031186
0.0823873730956285
0.0444802371578844
0.000951570607356397
-0.0474692902203137
-0.0995456662286701
-0.154469279241668
-0.21041001699806
-0.264937745028485
-0.316145279853118
-0.363769956193426
-0.409270928189169
-0.450599209046736
-0.482967875177504
-0.503626880864343
-0.512495049657731
-0.510874514305379
-0.496968347091846
-0.466628591111512
-0.417202637071025
-0.347527229077309
-0.258863922190329
-0.153207535941774
-0.0326547116982656
0.0994224358426453
0.239588444465705
0.384699653045902
0.532041499030717
0.679152410506108
0.821931771457569
0.952935894331475
1.06453280515445
1.15304235073989
1.21690374829614
1.25243649239629
1.25380372649318
1.21704932266232
1.14172537452472
1.02997057789432
0.884925272799799
0.708668176378127
0.504269726528441
0.277249089610886
0.0334576963670459
-0.220575518079099
-0.477361418272301
-0.729426211396005
-0.969073679967663
-1.18985685697214
-1.38767245650433
-1.55766583347294
-1.69293475772738
-1.78851035406632
-1.84340862379109
-1.85849645213711
-1.83427269012794
-1.76943149559706
-1.66240326491233
-1.51524009806479
-1.33314445801722
-1.12030922155238
-0.879066470516549
-0.612454515258559
-0.325043470332333
-0.0222298765352249
0.28953412956503
0.603391675174133
0.911873252007316
1.20651272302994
1.48142884287729
1.73264144275977
1.95479663178086
2.1423960679278
2.28821430878846
2.38411762599564
2.42644942978477
2.41587022894067
2.35265656797132
2.23467342620916
2.0606657740553
1.83288952189681
1.55657728031467
1.23898331300484
0.886763897319396
0.507188715621364
0.110215164286822
-0.2944500043912
-0.697005767461701
-1.08711310623917
-1.4552295147074
-1.79241758041892
-2.09087511533685
-2.34412118328307
-2.54612526102558
-2.69151208866131
-2.77655305810393
-2.79938074394173
-2.76190982352028
-2.66777649640164
-2.51797047995626
-2.31326056482996
-2.05686349849899
-1.75590373654617
-1.42035222568338
-1.05760318780371
-0.67235201891187
-0.270637685535601
0.139983358934847
0.551330007037415
0.954245724899778
1.33976080978405
1.70003772923525
2.02732000223781
2.31460071278961
2.55793665897666
2.75384862859452
2.89580223380892
2.97618847305476
2.99153197546981
2.9431011478525
2.83295608580086
2.66263059477215
2.43315802718476
2.14692641847814
1.80951366023946
1.42926779750405
1.01564429932713
0.577682234928935
0.124357913890787
-0.33429766408573
-0.786895240037747
-1.22255989649848
-1.63159864949905
-2.00432756328689
-2.33214297452111
-2.60820418658456
-2.82657933194471
-2.98255097731093
-3.07275114117104
-3.09555335119829
-3.05213669855847
-2.94674271446718
-2.78355156841863
-2.56423838348421
-2.29076125918539
-1.96882011612497
-1.60859264779802
-1.22082159180412
-0.812375466755632
-0.388245905882569
0.0444421761543842
0.476937024621464
0.900405549783134
1.30596570647939
1.68476419901025
2.02911305589757
2.33289017548683
2.59167921850434
2.80209649585467
2.95816036498399
3.05261608630583
3.08180376818616
3.04549697466503
2.94629898176899
2.78783729175338
2.57111478454539
2.29762118966099
1.97209972860806
1.60111898392444
1.19377168432586
0.760458433385076
0.310303344966788
-0.147700090372855
-0.602891449450433
-1.04403946479951
-1.46102317871435
-1.84468652585024
-2.18659912264163
-2.47996098466629
-2.71873360631712
-2.8972949397209
-3.01180471586967
-3.06035011884051
-3.04305972427701
-2.9632412469151
-2.82584661495369
-2.63324166361555
-2.38712019469601
-2.09200852955479
-1.75540824569709
-1.38694308491487
-0.995530130228044
-0.588352013195606
-0.171530090813301
0.248316481349891
0.663720218577203
1.06649394196569
1.44728750121503
1.79818645245706
2.11316562562517
2.38727923929259
2.61649279041329
2.79534753313225
2.91717379425994
2.97670216975713
2.97254195238374
2.90756618030522
2.7845231709413
2.60437049207387
2.36872855279969
2.08061969852629
1.74517915736906
1.37013809765772
0.964819943865877
0.538930778454558
0.10196268316744
-0.336637438301913
-0.767367694889244
-1.1804084358568
-1.56627840566736
-1.91699981974773
-2.22498446437321
-2.48392349911319
-2.688530500032
-2.83315583908732
-2.91450669911932
-2.93264738093446
-2.8901273875246
-2.79056693576181
-2.63637391577781
-2.42907581046972
-2.17226371470602
-1.87178707087928
-1.53503193836159
-1.17120435544738
-0.788534154309997
-0.393746439411862
0.00661429218292755
0.406627709347803
0.798936656081446
1.17534288586743
1.52828596280927
1.8507834341796
2.13787091930848
2.3851800728398
2.58733416444516
2.73762941250133
2.82991253539581
2.86143857616482
2.83251571166197
2.74567683146813
2.6036546782895
2.40726730480817
2.15796636058291
1.86002654371135
1.51971295808249
1.14541588500625
0.74677667232725
0.332700500309118
-0.0885116827004654
-0.507830913133941
-0.915408917488238
-1.30207425028378
-1.65957691536289
-1.97996239857719
-2.25610530499858
-2.48217389175694
-2.65335179654243
-2.76549108887002
-2.81661160430143
-2.80758748200925
-2.74131858063046
-2.62161383887925
-2.45028954192112
-2.22843221776022
-1.95988189761032
-1.65192267079333
-1.31372091868681
-0.95292600345076
-0.576725183600263
-0.192070864958278
0.195448153743138
0.578704405775781
0.949861883611203
1.30226689985723
1.62878331774015
1.92294678845626
2.18106169745825
2.39899352761213
2.56981591812307
2.68664442538387
2.74540109516811
2.7449512014107
2.68753304820143
2.57652788880374
2.41304659257518
2.1976245149918
1.93238890181377
1.62283588493313
1.27710846634392
0.903256974815121
0.509542721886952
0.105202463663193
-0.300181300640263
-0.697707101912436
-1.07878668439903
-1.43518796085144
-1.75985319862353
-2.04594768251369
-2.28662912050972
-2.47597505197286
-2.60975318136179
-2.68571816926325
-2.7033483560632
-2.66490786842517
-2.57440863691382
-2.43418248814566
-2.24500058436893
-2.00841718902348
-1.72905474108127
-1.41532868669628
-1.0767634246752
-0.72128836532007
-0.354380665772824
0.0184709880646816
0.389666391104564
0.75172750156662
1.09857173510082
1.42412706433874
1.72242170514698
1.9883701967717
2.21651882850712
2.40065839586367
2.53504107910802
2.61562108750682
2.64037495563559
2.60904588355383
2.52409210544724
2.38885847261339
2.20407178125245
1.97030749790869
1.6914532163095
1.37393409933437
1.02539643058856
0.654494094011541
0.270258082101043
-0.119358109627636
-0.506278028085121
-0.881166717750189
-1.23550745899137
-1.56200593922295
-1.85370951340402
-2.10398288349994
-2.3069957078002
-2.4580119859157
-2.55395365006678
-2.59399749269973
-2.57909768688483
-2.5122761351519
-2.39713768428226
-2.23440570036627
-2.0247764337356
-1.77286691205511
-1.48464035673552
-1.16726697669768
-0.829914692958292
-0.480563530790675
-0.124570619520663
0.232881150528587
0.585123556317296
0.924885706790529
1.24558876361879
1.54228198323127
1.8106882826188
2.04543613455178
2.23940619953655
2.38608387766623
2.48199026615206
2.52515709457709
2.51493935767752
2.45333148163249
2.34304173686065
2.1849168559574
1.97931148318042
1.72921246850267
1.43954458670234
1.11667477054273
0.768855417328984
0.404405941177178
0.0317700343601874
-0.340481006291607
-0.704488892672263
-1.0526142732763
-1.37726110118293
-1.67098572092736
-1.92640445966052
-2.13763944223153
-2.30113381648902
-2.41374787313666
-2.47306496846689
-2.47924192871847
-2.43515101803962
-2.34367086498137
-2.20588988324331
-2.02283283408852
-1.79744277596444
-1.53490002274933
-1.24166008413315
-0.925307194009797
-0.59371868295415
-0.254126858866089
0.0878268639931821
0.427432587115238
0.758577756503697
1.0742702122714
1.36853466116124
1.63683034691802
1.87429702234009
2.07525662044604
2.23395895701306
2.34508096275689
2.40531932106792
2.41405971860218
2.3727197240694
2.28403575168957
2.14973837243356
1.97012250889159
1.74758857769995
1.48633753421705
1.191353734328
0.869391959575567
0.52812633152166
0.175486930966369
-0.18054038246146
-0.532031960868526
-0.871074133100892
-1.19025029957062
-1.48280418846667
-1.74192338135148
-1.96173293886766
-2.13762175136605
-2.2655531996241
-2.34301274941282
-2.36928132324927
-2.34598201958718
-2.27691011660233
-2.16485312091121
-2.00969265163328
-1.81205019325961
-1.57615455872361
-1.30784550866011
-1.01402052089654
-0.702238838414617
-0.379751459309099
-0.0530500703328297
0.272633745965511
0.59212795890186
0.900027250615152
1.19134565377135
1.46061380067602
1.70176945632038
1.90964123551789
2.07894694448622
2.20439117848509
2.28234183312354
2.31088382940926
2.29040005924719
2.22373842781433
2.11376649634847
1.96076845032629
1.76499287009513
1.52959971870106
1.26003209864411
0.962440219131548
0.64294049634992
0.308269703323754
-0.0335255373678593
-0.373987684330853
-0.705212416670652
-1.01955776351519
-1.31030656121426
-1.5716546112559
-1.79753159143445
-1.98235834426209
-2.12250816613822
-2.2158466630056
-2.26073038251189
-2.25716618122616
-2.20795432743152
-2.11626694356425
-1.98348372983193
-1.81039773052843
-1.59959972912233
-1.35552820883503
-1.08369642799993
-0.791495477760972
-0.485936975302166
-0.173039176390486
0.141083536422655
0.450870435644084
0.75043222919981
1.03510545966265
1.30097485795151
1.54263645503366
1.75392132478555
1.92906146678191
2.06372164461506
2.15405357348251
2.19757562744305
2.1945109233022
2.14663185307719
2.05660565037119
1.92583755464999
1.75458240130632
1.54468203661904
1.2997208729716
1.02484740934722
0.726692956920276
0.412356593851672
0.0893619976205404
-0.234579281930031
-0.552265655536418
-0.856863629367021
-1.14175552102476
-1.40082758562172
-1.62849262547408
-1.81901299354435
-1.96818638420935
-2.07355541823831
-2.13348713057477
-2.14825362182368
-2.11904835242845
-2.04800717945155
-1.93774183912964
-1.78957357825749
-1.60467202565968
-1.38577117194144
-1.1375825370861
-0.866561574783608
-0.58011312501245
-0.284810791759098
0.0139102188015504
0.31106654702297
0.60167851006795
0.879921645095915
1.14070984054212
1.37978156056775
1.59193875523722
1.7717928520464
1.91441352617507
2.01584910740814
2.07383281480035
2.08775720973281
2.05860645766033
1.98845924255742
1.8795004323072
1.73273855106204
1.54891022027321
1.33094382340842
1.08286769546745
0.809692001491174
0.518630302075821
0.216751848497011
-0.0897809987104203
-0.39442681916599
-0.690001533750436
-0.969326814670564
-1.22645867919128
-1.45620051111335
-1.65327587701962
-1.81312050868544
-1.93237702296239
-2.0085529716096
-2.04065446174893
-2.03034786331337
-1.98082251770658
-1.89380981153853
-1.7692814606811
-1.60863397203489
-1.41550114830562
-1.19329255619427
-0.945442299569305
-0.677665625819526
-0.397393470852766
-0.111531828888887
0.174678039837135
0.456423197788981
0.728349568061434
0.985144784355795
1.22226117302393
1.4357567285079
1.62060016761771
1.77151904826045
1.8844777531953
1.95663648726192
1.98719246701071
1.9766967747594
1.9268985667019
1.84010188855379
1.71682038975209
1.55746332905527
1.36418465334353
1.14024537828963
0.889964198629414
0.61913618118413
0.334288952858571
0.0417255630675014
-0.251988942689351
-0.539881548031945
-0.814650881369595
-1.07007637297009
-1.30118583930744
-1.50276808134286
-1.67036645761146
-1.80113923906629
-1.89246397051487
-1.94205662157303
-1.94994577069073
-1.91823069888712
-1.84979372032798
-1.74656394944299
-1.60855126814818
-1.43654561206082
-1.23422432912144
-1.00670804915891
-0.758612592768348
-0.494974987860658
-0.222496685306695
0.0528577774634564
0.326235575735048
0.592291986584967
0.845853075340972
1.08207492969249
1.29625843976917
1.48377558001868
1.64041497990928
1.76255626146955
1.84714501941779
1.89243712543447
1.89781113668459
1.86450976686696
1.7949052915001
1.69027443812147
1.55150598004638
1.3799021488809
1.17760215245073
0.948637836343163
0.698304620158212
0.432005730940235
0.155471732394076
-0.124583652904499
-0.401067185531293
-0.667928358760597
-0.920068836664106
-1.1518336042096
-1.35742389275951
-1.53218917272532
-1.67250022917767
-1.77571611305534
-1.84019945952725
-1.86554852971889
-1.85282500447051
-1.80399036714409
-1.72060875844663
-1.60342047895233
-1.45300404217417
-1.27162060149877
-1.06308714438769
-0.832054862894644
-0.584302222841565
-0.325011207429585
-0.0595117717910884
0.205893481364283
0.465570294333072
0.714651516789549
0.949219984919149
1.1655391300867
1.3578572880544
1.52027864498024
1.64981125981527
1.74500310399999
1.803874072754
1.82460457006614
1.80703475445804
1.75329636679896
1.66617014118761
1.54679291785567
1.39522244048028
1.21284714005889
1.00315758087564
0.770671679389619
0.520801029187454
0.25928511621644
-0.00844210597331791
-0.276388053440968
-0.537851290526437
-0.786760024072506
-1.01780970880095
-1.22597940974624
-1.40666969371171
-1.5556120787658
-1.66991108983544
-1.74768260241805
-1.78804384912764
-1.7913217188752
-1.75919716663422
-1.69423082658561
-1.59618781437426
-1.46476410185998
-1.30309956392105
-1.11417616542202
-0.901075362203221
-0.669074383526601
-0.423887917164035
-0.170491287767777
0.0862280450946405
0.340873866841484
0.588151326669978
0.822906116889223
1.04065616681468
1.23755748707783
1.40866417433328
1.54910463142726
1.65568149049179
1.72659289799919
1.76129933410506
1.76010942042269
1.72394630339156
1.65433639139718
1.55249130905034
1.41870592912207
1.25395864839578
1.06098900534306
0.843866735068399
0.607573274507012
0.357165368750732
0.0984026456340705
