0
0.00662886403773713
0.0303569905575473
0.0703397546274524
0.116195865831125
0.157837129877007
0.189392627682405
0.208764662327839
0.215052168511392
0.209484131177041
0.194149022280589
0.168023532488313
0.130457432149627
0.0840064409405664
0.0306934719480874
-0.0279480498626166
-0.090210782968182
-0.15552347781859
-0.222210250783085
-0.2860819211575
-0.342758453106703
-0.39007940283001
-0.4283023606122
-0.460827165779986
-0.4936316376997
-0.531420772126798
-0.573933045820455
-0.615430567782853
-0.648523190727619
-0.665275350834916
-0.658141941586319
-0.622806928923285
-0.55825277746029
-0.464713057086862
-0.34301231719644
-0.19618350785132
-0.0288117189758004
0.154858160343246
0.350084694937719
0.551336448818272
0.753330764765053
0.951661894781743
1.1438375192302
1.32772849729169
1.49892498694512
1.64962274777333
1.76887170368259
1.84432782880941
1.86483583848396
1.82303849814761
1.71716038970909
1.54976916653122
1.32470096466372
1.04809453094684
0.729158406988989
0.376506323003887
-0.00084912982079994
-0.391246143622533
-0.783410053571969
-1.16663854327024
-1.52942493677991
-1.86070374191175
-2.15057871711249
-2.389780059268
-2.57045902607345
-2.68837371599164
-2.74444868945263
-2.74225211071056
-2.68621897149211
-2.58073417088852
-2.42694731787701
-2.22343984583668
-1.96864435567573
-1.66254822412667
-1.3070652688332
-0.908275176512564
-0.475154675643191
-0.0163819314318013
0.457206507645241
0.933612993211842
1.40171259977244
1.85035711657308
2.26860233829992
2.64599633482607
2.97439219682299
3.24763660303396
3.46140075714678
3.61293756486759
3.69742105934579
3.70838961482469
3.63819231154557
3.47884706023847
3.22607530966579
2.88213025946877
2.45493227741554
1.95510095822911
1.39543498793676
0.791143281778686
0.157907578304206
-0.488379376001758
-1.13090169494373
-1.75331582975873
-2.33991913846222
-2.87537824227263
-3.34564476290187
-3.73772188831494
-4.04082313015957
-4.24859405385517
-4.35748262548867
-4.36645183269442
-4.28023278730007
-4.10739349892381
-3.85632647199954
-3.53396587586746
-3.14532282067266
-2.69480907156222
-2.18752801860103
-1.6301722285286
-1.03102462643825
-0.40190522362065
0.241676217319102
0.885982344774235
1.5185909749779
2.12447522613823
2.68912565085339
3.20006496010556
3.64577710398932
4.01847017661393
4.31239756248619
4.52319596401544
4.6483909614272
4.68588860260569
4.63297139538992
4.484715330057
4.23800588305534
3.89226711390364
3.45001816887306
2.91873386950239
2.30955638542663
1.63801805626195
0.922261151703945
0.180642357254724
-0.568611446195511
-1.30756552593927
-2.01737273893684
-2.67946570942841
-3.27892552178548
-3.80308997966669
-4.23966923681558
-4.57725393611851
-4.8086598026765
-4.93022834580985
-4.93975490947671
-4.84188664617918
-4.64585864726155
-4.36103857422947
-3.99738620485462
-3.56303588168421
-3.06439459925276
-2.50794295476779
-1.90207519383424
-1.25654706969073
-0.58192595057559
0.108129571299532
0.797915480452281
1.47263484177015
2.11845481830414
2.72135605943964
3.26823134195918
3.74744560520383
4.15040145686843
4.47101541211434
4.70391471727407
4.84670745875805
4.89787654977449
4.85584300140795
4.71930950417902
4.48503096119307
4.15123619773151
3.72036190419611
3.19957277195963
2.5999432057252
1.93474942566529
1.22068341477781
0.475909521879606
-0.281160768630928
-1.03060155336569
-1.75506712224159
-2.43977352883932
-3.0684389968784
-3.62624183960013
-4.0997212904195
-4.47611385463341
-4.74743585518133
-4.90839750831007
-4.9570428209913
-4.89720172658552
-4.73646612961822
-4.48496202368607
-4.15298685423459
-3.7487615925579
-3.27936051959891
-2.75211968229306
-2.17417029532052
-1.5543120561424
-0.902705272181582
-0.230393716954154
0.448787662119196
1.11954171811839
1.7672938316645
2.37844801088494
2.94009515739405
3.44048396474062
3.86996390964173
4.22174257922052
4.49064319963941
4.67394782538367
4.77002452723207
4.77675773509276
4.6923780298071
4.51362053383815
4.23811390661024
3.86624763404554
3.40238358181039
2.85608878654698
2.23968637995855
1.56847267482473
0.85980753028438
0.131076326025878
-0.599928758469894
-1.31649916147459
-2.00242791770217
-2.64130630138684
-3.21864655659474
-3.72035755330046
-4.13387827362325
-4.45028599628544
-4.66309117358789
-4.76894421010727
-4.76835336163242
-4.66729483290393
-4.47454329983507
-4.19924954113213
-3.85010588563039
-3.43423078295152
-2.95906915058022
-2.43014441893905
-1.85435362085502
-1.24221415662467
-0.604730932525011
0.0456764420797092
0.696106484956492
1.33353514593761
1.94440282596903
2.51507634598908
3.03325585173419
3.48957345391007
3.87636945178411
4.18656109369245
4.41589729213764
4.56212636583662
4.62295716040082
4.59649649599973
4.47982071931286
4.26994937625675
3.96563402074614
3.56873428764676
3.08541708242055
2.52570725367212
1.90243161452516
1.23185041842691
0.532100082783835
-0.179943241075909
-0.887202164962164
-1.57187962824619
-2.21811022246469
-2.81294429220318
-3.34248826090504
-3.79183725497718
-4.15041744067749
-4.41147099065476
-4.5707706627995
-4.62778510710486
-4.58520634838244
-4.44928879012348
-4.22821848636877
-3.93002512162765
-3.56136236851902
-3.12951864278607
-2.64303522047623
-2.10798695258076
-1.53159637680991
-0.924319978513011
-0.296989724651206
0.338566091466418
0.968813572989968
1.57969034033703
2.15765291149261
2.69030587963031
3.16786000719113
3.58299373063925
3.92784448827656
4.1955768797763
4.38297108008752
4.48730828686451
4.50635737755315
4.43806473714805
4.27907194114271
4.02750213104885
3.68398556615841
3.25170698488371
2.738388915608
2.15686864735447
1.52227855159139
0.850369567557504
0.157689164657288
-0.53793703201093
-1.21940139866873
-1.87175965524669
-2.47952686013077
-3.02833158022482
-3.50500710548434
-3.89794971695254
-4.19880112635159
-4.40147982603135
-4.50389651010851
-4.50686548452467
-4.41497360867066
-4.23534670478906
-3.97631947012384
-3.64684373282919
-3.25270446369848
-2.80060199564092
-2.29799342962931
-1.75188135940502
-1.17115055552067
-0.566144607956035
0.0504271692765925
0.666050669782262
1.26931441286465
1.84754914572169
2.38890268808579
2.88276275701952
3.31878452572933
3.6881798168864
3.98490604429345
4.20604326569092
4.34768332950188
4.40637737231792
4.38056575223366
4.26645360079442
4.06144263126688
3.76572901213888
3.38139971768098
2.91420232965023
2.37581935317915
1.78047856437927
1.14063351159714
0.471292722118742
-0.209582538361829
-0.885455986904521
-1.54173989453541
-2.16274425819248
-2.73062531996916
-3.23037282297436
-3.65231629606426
-3.98835478501566
-4.23188450803252
-4.3785631871849
-4.42650521325715
-4.37945443372455
-4.24384787093564
-4.02607963122989
-3.73463166905427
-3.37656111117745
-2.95775364305547
-2.48590333027357
-1.96778042607404
-1.41109458202354
-0.826099484227573
-0.22379017529888
0.383904203954754
0.98443160199595
1.56537380369096
2.11520926570477
2.62319169643726
3.07937753081578
3.47425215452377
3.79880079374524
4.04903958154603
4.22310595669861
4.31675579830749
4.32736194789448
4.25217228033075
4.08823123179616
3.83555330781818
3.49486169061457
3.06958574541994
2.56865282326629
2.00469347232916
1.39163179197206
0.74375484764194
0.0771931415154088
-0.591506562593145
-1.24661937435963
-1.87220634841158
-2.45336884383909
-2.9764050757067
-3.42720901744825
-3.79385964780437
-4.07019073550813
-4.25230135540235
-4.33835073182051
-4.33043913229786
-4.23273584924273
-4.05123994974988
-3.79437069042728
-3.46973846974389
-3.08145941435353
-2.63697827819443
-2.14571079565548
-1.61384870730547
-1.04928406279071
-0.46333748907241
0.13189934458306
0.725054679336699
1.30451165841801
1.85822155264258
2.37485500093874
2.84456789196126
3.25858922640192
3.60756631722542
3.88536073040284
4.08881317401339
4.21281632875253
4.25518947881687
4.21455190762102
4.08727267526643
3.87296988717323
3.57218496883565
3.18667677220234
2.72381038409385
2.19473523758736
1.61201248768253
0.989718810719556
0.342692142804981
-0.313029445865695
-0.960858630069544
-1.5859480656425
-2.17363817124493
-2.70905937293867
-3.17975634641351
-3.57549799879685
-3.88735832130768
-4.10839861154851
-4.2346719263295
-4.26566117223195
-4.20552808139826
-4.06120045609649
-3.83943222191055
-3.54785990548362
-3.19173903063743
-2.77660490565732
-2.31243717229938
-1.80651630320377
-1.26403564078237
-0.69517505326418
-0.112827357568041
0.471424786719943
1.04714751090371
1.60280290479434
2.12616840689701
2.60758844937605
3.037710759781
3.40656553550196
3.70879693703301
3.94110610846807
4.09676372889653
4.17198473110432
4.1667462119706
4.07785131709992
3.90356552519483
3.64479668663414
3.30179463369835
2.87920783766834
2.38547086348426
1.83108902197821
1.23089470812625
0.601051042096413
-0.04308091471936
-0.686485468982006
-1.31368662029774
-1.90902041902534
-2.45792110822063
-2.9473880857974
-3.36679769549521
-3.70655933631395
-3.95890920801374
-4.11961061140307
-4.18771888996226
-4.16620638820887
-4.05975649933435
-3.87263851437848
-3.61198671291716
-3.28618148944808
-2.90039849263822
-2.4615716775976
-1.97871107003709
-1.45852720415476
-0.90845760907283
-0.339708587188456
0.235067435669046
0.804504361350674
1.35839577188394
1.88623679263297
2.37709723574209
2.82052768755038
3.20667088956131
3.52882478574885
3.78350401486812
3.96589578516236
4.07138610879569
4.09812345305219
4.04294569722946
3.90315405143072
3.67984018533684
3.37408121807554
2.98887147638932
2.5318812152527
2.01259731176116
1.44255939103226
0.837183594144357
0.211916415575208
-0.41956994945438
-1.0411267708819
-1.6364288533272
-2.1919082774202
-2.69457820006872
-3.1324412799885
-3.49579753853704
-3.77709485897554
-3.97041506793933
-4.07342699256011
-4.08799622525302
-4.01703272011702
-3.86428201203643
-3.63686075902837
-3.34430381608763
-2.99223387210513
-2.58469110440661
-2.13024745081211
-1.63737917894492
-1.11319238313769
-0.566518397493198
-0.00800877690572951
0.550752528232356
1.09882233056984
1.6255956996543
2.12065430820756
2.57368706541835
2.9742528995776
3.31503616634307
3.5926183443743
3.80225528867673
3.93764946713634
3.99601431383493
3.97604696381645
3.87492413100343
3.69104314465983
3.42563532354231
3.08224433967293
2.66637458186594
2.18578042100429
1.65069560540127
1.07387568207416
0.470704235821339
-0.142542427520639
-0.75080169706595
-1.34057718145843
-1.89903013384277
-2.41304845495823
-2.87130635426931
-3.26306648358564
-3.57718970199649
-3.80684578789871
-3.94891600669133
-4.00248255469206
-3.97063911555959
-3.85807099583447
-3.66907960083986
-3.41093883277497
-3.09132680374767
-2.71417671829296
-2.28597382946702
-1.81640254190199
-1.31296326608277
-0.783615169991544
-0.23851203178735
0.311766432896698
0.856333199115635
1.38405229973052
1.88387842483922
2.34543974026453
2.75957146864792
3.11863259113937
3.4175285842925
3.65181230979542
3.81478781394359
3.90245646782094
3.91385722632601
3.84579203144256
3.69631843712384
3.46690503801667
3.15998568602504
2.77909921148411
2.33108844879241
1.82594035429164
1.27590018872145
0.695163579678841
0.0976575734495128
-0.502480341948631
-1.08985629094457
-1.65018379605969
-2.17158683914217
-2.64204425174204
-3.0495903989372
-3.3846126894007
-3.64010201922903
-3.81228877835065
-3.89880779772658
-3.89974465932395
-3.8199245013026
-3.66411189721319
-3.43715978098395
-3.14648317068451
-2.79797250570353
-2.39726569924166
-1.95348233824815
-1.47518192522694
-0.968673727534244
-0.442002690790711
0.0946571558387429
0.629986911653809
1.15279577238927
1.65249612298972
2.11789729594913
2.53932642677469
2.90977396257778
3.22436213541852
3.47801333749003
3.66395043747734
3.77789746564715
3.81836493016149
3.78266370179763
3.66776040579725
3.47383981590661
3.20346993154385
2.85979056342955
2.44826751475671
1.97748311386553
1.45807323842302
0.902118927091881
0.323991505233816
-0.261180860238975
-0.839713658093036
-1.39779599975746
-1.92132235882053
-2.3983979438855
-2.8194075516506
-3.17485444462274
-3.45586589597828
-3.65609472400994
-3.77328293770564
-3.80704166983397
-3.75930820673382
-3.63532722002213
-3.4399516209105
-3.18031040821653
-2.86377623707322
-2.49374707537246
-2.07626320949796
-1.62187519213321
-1.13904267355873
-0.633991289313684
-0.115135712543425
0.407178399807127
0.922031357644508
1.41862818133124
1.88682978943745
2.31644632233819
2.69879061608967
3.02858173788135
3.300699585451
3.50802277263617
3.64565310212015
3.71311339533982
3.70859560674539
3.62723414237913
3.46793500560064
3.23280938776901
2.92399449130172
2.54644501909743
2.10803541840703
1.61862685677684
1.08957229291418
0.532962319542552
-0.036761342670563
-0.604990460356143
-1.15857681649618
-1.68336499581484
-2.16704729877316
-2.59958559219519
-2.97030465482972
-3.27009971738004
-3.49277176511975
-3.63501259266589
-3.69643794658244
-3.67893391923091
-3.58574941667994
-3.42054823848536
-3.18997032320772
-2.90170944167658
-2.56017378703507
-2.17073278165072
-1.74191955462676
-1.28290203834732
-0.801378638170671
-0.303594560599468
0.201744702441189
0.703977966224428
1.19255769951264
1.65650501174289
2.08635944764683
2.47498614884362
2.81628990337125
3.10432734198006
3.3321457128115
3.4932678992464
3.58564729636212
3.60894016572129
3.55918914670976
3.43349458397388
3.23363692059506
2.96201807698046
2.62178772025064
2.21945664728407
1.76415385690307
1.26561125112627
0.735515773318477
0.187856486981711
