0
0.00338753139776896
0.016506802240935
0.0416117942614607
0.0746241648355708
0.108529228344579
0.138601132054861
0.162787692899996
0.178650878326268
0.183754297247597
0.17731422001403
0.160344399139606
0.13389844698746
0.098464177743455
0.0556839585364911
0.00764295154925401
-0.0441940033580543
-0.0982331856965514
-0.152835642000315
-0.206116750299458
-0.256723535217399
-0.304268094499564
-0.348782731860724
-0.391884267177014
-0.434579823406768
-0.475401057480174
-0.512838650792532
-0.543931620175531
-0.56420798332523
-0.569903371137302
-0.557218431591808
-0.523337745694475
-0.466945895826176
-0.387571313620477
-0.286302708136752
-0.16536805707842
-0.0276117305292075
0.12351257414013
0.284270471382451
0.450597821013447
0.617582857464533
0.781373389126404
0.939138006197662
1.08572252371094
1.21620356159304
1.32567323306028
1.40743951443497
1.45600871774631
1.46569331848086
1.43125154864235
1.35015583892837
1.22219188261783
1.05004946031933
0.837456893724333
0.589227272960484
0.313371233067139
0.0186541071722128
-0.286972346948345
-0.594991485121298
-0.896102049643078
-1.18043984233914
-1.43937652283497
-1.66619439955229
-1.85496521810866
-2.00171659134648
-2.10330693276078
-2.15885029402581
-2.16993946691892
-2.13597774810393
-2.05724478525093
-1.93545926078088
-1.77103408829808
-1.56508762958931
-1.31915148849983
-1.03603052583007
-0.72100912194353
-0.380103088395612
-0.0200560437274674
0.351423910387741
0.725595781700916
1.09312734625232
1.44537693056372
1.77362836309208
2.06942074181392
2.32688456025624
2.54129119416964
2.70659330158242
2.81838295482932
2.87419993124696
2.87026019231403
2.8030109206788
2.67042013349274
2.4710482588781
2.20619887104528
1.88045952746103
1.5008375416046
1.07665406839735
0.617885513446573
0.135114599523027
-0.358936801747726
-0.850324076152701
-1.32628708762543
-1.77435174325422
-2.18267507902146
-2.54176825417805
-2.843057345693
-3.07857107818217
-3.24362590319273
-3.33603802096155
-3.35511995333292
-3.30348156350718
-3.18422009260736
-3.00032557830567
-2.75648863257124
-2.45713751372162
-2.10723762381233
-1.7133117486872
-1.28110880952215
-0.817252771037478
-0.331286126821645
0.166231178389994
0.664779112323969
1.15361286753765
1.62185347676249
2.05942383207386
2.45644211056542
2.80339152426291
3.09367844405835
3.32303542031763
3.48671212802289
3.58047018854916
3.60282470501289
3.55276839163356
3.42908276223362
3.23200681878271
2.96240160645572
2.62288465915352
2.21943951307221
1.76004491773551
1.25474712764725
0.716249434164454
0.158006955697798
-0.406471154459217
-0.964273983542036
-1.50196469325114
-2.00523274415325
-2.46214109724786
-2.86286341785778
-3.19816786419528
-3.45972536595946
-3.64219296354254
-3.7433434547668
-3.76258721087836
-3.7032553650956
-3.57053401970024
-3.36768780182029
-3.09949675297547
-2.77201222127249
-2.39052735830837
-1.96264775918627
-1.49745832803677
-1.00203926861841
-0.483568271054851
0.0473391579900819
0.577997829097146
1.0970508695564
1.59468609462442
2.06049836053473
2.48423518866313
2.85680390754596
3.17067427051612
3.42085173597368
3.60362635582983
3.71521417528047
3.75328776329278
3.71693629348038
3.60573459508641
3.42071512059491
3.16322330939412
2.83525657302694
2.44171033343754
1.99066998348097
1.49200328734953
0.956439947014083
0.396482521483134
-0.173811495619017
-0.740563874649603
-1.29014301997241
-1.80944433064722
-2.28701774492801
-2.71129111705653
-3.07198634826558
-3.36284092141391
-3.57855756103952
-3.71417630419449
-3.76731893357558
-3.74009803597812
-3.63780783608085
-3.46419011249709
-3.22370497577312
-2.92328097074389
-2.56838755147152
-2.16459586619441
-1.71997321912402
-1.24260050235394
-0.740482831750334
-0.222834203219361
0.300075196677751
0.817295709371525
1.31800434302071
1.79143202683697
2.22794512805917
2.61889539042157
2.95581600691674
3.23297956548402
3.44649433809608
3.59167431518612
3.66568665212847
3.66772481457411
3.59616887529252
3.45156577720608
3.23639585446157
2.95157549306143
2.60032178911375
2.18963952936413
1.72774433923022
1.22454368949488
0.691636155185487
0.141211485808265
-0.413240385241103
-0.957602560430141
-1.47945415106244
-1.96705534445019
-2.40888402520782
-2.79448472707754
-3.11488815562386
-3.36445263785256
-3.53956403467336
-3.63657896784105
-3.6544091278181
-3.5967968881299
-3.468588930103
-3.27287981991759
-3.01415271766027
-2.6983964700287
-2.3311922102349
-1.91954966901882
-1.47163055883567
-0.995100471821257
-0.498486495102427
0.00854735199543353
0.516005184334084
1.01312500453459
1.48914976292628
1.9338939257788
2.33794531964438
2.69365275584922
2.99533324570846
3.23839880890454
3.41729783224773
3.52743572000998
3.5678058441351
3.53748838054269
3.43508487189461
3.26225260912022
3.02115447385865
2.71262938722037
2.34136223846063
1.91661241767702
1.44721439744441
0.942540950609356
0.414980696748329
-0.122540024560346
-0.657252461458696
-1.17608177234778
-1.66670079405078
-2.11870299369469
-2.52207244426719
-2.86645512122453
-3.14439691732909
-3.35118888561396
-3.48339953855034
-3.53940396769575
-3.5208068585668
-3.43192159235007
-3.27583470798693
-3.05597963971588
-2.77826896629197
-2.44803797855786
-2.07046210348546
-1.65328037059741
-1.20484502957748
-0.73227658905468
-0.243985740576479
0.249789840888717
0.738699519694414
1.21268206316193
1.66164772211425
2.0757931561144
2.44657712234444
2.76756796792942
3.0340407136255
3.24078789429274
3.38267103277111
3.4573969050078
3.46389540786755
3.40017993530947
3.26630911735013
3.06455425491387
2.79601422173161
2.46354171752506
2.07454002772335
1.63743279253188
1.16077326425455
0.65551680056095
0.134854197978863
-0.388702187037898
-0.903497213093318
-1.39731598026033
-1.85863333403089
-2.27671917440934
-2.64142480076587
-2.94420251650407
-3.17971297946506
-3.34440233819704
-3.43491362161541
-3.45118636403818
-3.39687982742748
-3.27527327073638
-3.08889630659536
-2.84283798414664
-2.54244553257063
-2.19216401421253
-1.79942033618959
-1.37325184961511
-0.921016779202416
-0.449946667927279
0.0306721425923449
0.510684379626251
0.980009756415726
1.42905270907852
1.84881787554937
2.23037700332342
2.56625226470287
2.85120897162581
3.07986651164638
3.24627690285141
3.34720509501195
3.38177178040323
3.34818300568361
3.24536210184319
3.07526746874459
2.83980200415939
2.54108125758924
2.18461041103045
1.77795787513569
1.32954052503179
0.848637840294346
0.346826968390305
-0.16307783161514
-0.669313014265424
-1.15976769291465
-1.62245982328783
-2.04693702574442
-2.4233907317953
-2.74314690094329
-3.00069030478253
-3.19173573997962
-3.31164741889445
-3.35845689137686
-3.33517603791657
-3.24553371642592
-3.09087964294888
-2.87516135645169
-2.60497832305334
-2.28492319887001
-1.91985816484042
-1.51753001355793
-1.08683423708377
-0.636090558990233
-0.172499495063569
0.295921169773905
0.759179356861085
1.20680520445618
1.62938066054804
2.01844783367823
2.36643692578852
2.66726579942601
2.91504076211783
3.10395262737834
3.23037924122498
3.29285654979258
3.28949318598069
3.21801902443316
3.0793321712985
2.87597645096334
2.60969625998944
2.28440377075861
1.90693762790488
1.48543171806057
1.02853586220917
0.546115231411841
0.0497331759133794
-0.448323633570626
-0.935744051955481
-1.4011973153048
-1.83342704467514
-2.22199021536574
-2.55822065348266
-2.83501845856603
-3.0477269643267
-3.19228433272586
-3.26603955159474
-3.27058975913793
-3.20979158850455
-3.08516960659341
-2.89839608251631
-2.65557380424016
-2.36285555765045
-2.02435547798274
-1.6461571457552
-1.23644405762843
-0.803111733916166
-0.354378558109615
0.101305207392926
0.555541786913326
0.998983673178796
1.42198138753806
1.81545529862448
2.17185443516238
2.48522249595355
2.74952793678665
2.95859747041447
3.10760290862448
3.19443617513327
3.21818671727336
3.17653240709605
3.06828763823318
2.89562184491339
2.66094495905876
2.3667156692823
2.01832957009261
1.62358823715367
1.1912527812294
0.73092684283623
0.25263885431725
-0.232490964938695
-0.712417588103928
-1.17579546007939
-1.61156610791731
-2.00951058059726
-2.36064009482449
-2.65727660169682
-2.89360028670897
-3.06464708866278
-3.16701571266455
-3.20086761774248
-3.16904791095876
-3.07423871635115
-2.91815484491832
-2.70406046083813
-2.43795780163363
-2.12499317508074
-1.769896771446
-1.38015419382502
-0.964204501768908
-0.530386509148306
-0.0868054993455948
0.358792838472627
0.797563187406061
1.21987161111284
1.61674363364966
1.98076754481567
2.30560159530337
2.58477907468833
2.81203268277644
2.982145754962
3.0921630462963
3.14081130259604
3.12588326902296
3.04606084810512
2.9027572534814
2.69803777052773
2.43434508755087
2.1155050358987
1.74805507296742
1.34095415092788
0.902459258085421
0.440952737852968
-0.0318110921546566
-0.503333924032713
-0.962828112749412
-1.39937779930598
-1.80263307652018
-2.16390164793728
-2.47512952888593
-2.7299190189643
-2.9233790859701
-3.05174354962302
-3.11375189414799
-3.11070306510601
-3.04504703601727
-2.91798892496721
-2.73176649706716
-2.49244016848943
-2.20614459707878
-1.87699908616699
-1.51045758990715
-1.11414780255598
-0.696492104308157
-0.266276452652207
0.168554267957851
0.599614795805669
1.01790059361305
1.41554346718073
1.7852285747083
2.1201788824085
2.4139605595043
2.65963929111175
2.85072348359286
2.98340271816312
3.05648053961077
3.06808757125102
3.01545925195266
2.8992524752546
2.72310346462515
2.4894280923881
2.2002814293509
1.8606335864733
1.4781418687959
1.06118451570841
0.618875113437553
0.161260193450771
-0.300777721300241
-0.755916293751172
-1.19321046189205
-1.60237968262975
-1.97381958721157
-2.29929349946716
-2.57219738286726
-2.7872188453245
-2.94021071506276
-3.02793578001167
-3.04990068048628
-3.00924336849981
-2.90913359545998
-2.75090649394695
-2.53790135698992
-2.27601881310507
-1.97012047662753
-1.62489053395598
-1.24719675271641
-0.845318921475271
-0.427862505500666
-0.0032287478840017
0.42083013543791
0.836393482451906
1.234795957077
1.60822099149813
1.95015300183519
2.25396373186384
2.51245156891743
2.71857419451123
2.86842798907618
2.96128400401079
2.99561919147051
2.96825216478471
2.87836624552732
2.72902202686418
2.52219071591518
2.25940174852019
1.94542687497426
1.58709541562046
1.19236818206881
0.77016103713574
0.329860018114616
-0.118857823461906
-0.565241407637615
-0.998346503258687
-1.40783206334046
-1.78420426501324
-2.11929625268748
-2.40582812549809
-2.63779225989496
-2.81050895888262
-2.92047628270367
-2.96728838888489
-2.95327376451061
-2.87986234585471
-2.74782733085817
-2.56006176437608
-2.32225661561408
-2.0405580671007
-1.71952098219408
-1.36375505812107
-0.98041947354619
-0.578293880223128
-0.165802212471238
0.249027271644002
0.658356569805637
1.05422095370979
1.42875481055941
1.77478159527766
2.08540274128325
2.3533932074375
2.57243706014896
2.73823076948622
2.84873901161913
2.90329662203665
2.90001715937749
2.83623685098827
2.7124733064709
2.53271350087844
2.29943191876912
2.01431960965006
1.6827382696252
1.31273279952093
0.912320597417494
0.490461678977222
0.0573002760450508
-0.377344663867498
-0.802470427726229
-1.20805594931916
-1.58569785375601
-1.92654527723611
-2.22338412222311
-2.47032530571137
-2.66214578916714
-2.79449624305432
-2.86517790569116
-2.87551133003667
-2.82753463036519
-2.72274358211409
-2.56266537862057
-2.35116422348473
-2.09485427366657
-1.79877328690485
-1.4676088871442
-1.10739261785313
-0.724529903712286
-0.327213617252586
0.0756379881578647
0.475991224300259
0.866151819489675
1.23868739129858
1.58646695051878
1.90193327854846
2.17783365821005
2.40871693534903
2.59039747105226
2.71992635587936
2.79577379481763
2.81588723852862
2.77755777581785
2.68027724559329
2.5272130912997
2.32217435593485
2.06673326232565
1.76398589998778
1.42049673024166
1.04404489999356
0.643721769482417
0.22931578307064
-0.189513087217464
-0.603822167217846
-1.00478543817146
-1.38236150798242
-1.72722638304473
-2.03257299400198
-2.29212068884191
-2.49982089774644
-2.65174493960648
-2.74549634049453
-2.78079657959319
-2.75946058261279
-2.68290941296232
-2.55166404345147
-2.36853864733941
-2.13953963029828
-1.86987761105621
-1.56338303282487
-1.22541953580272
-0.863228280509089
-0.484171181136017
-0.0953578888127894
0.295152828703382
0.678901984187552
1.0483762925018
1.39655964210345
1.71679619462055
2.00280687496199
2.2474272761101
2.44468390514128
2.59202630504089
2.68791872684092
2.73028283274461
2.71670785783339
2.645978095849
2.51965728540591
2.34106891662794
2.11297241941025
1.83781230889107
1.52025868603442
1.16732244950554
0.787417799161626
0.389966855734495
-0.0156354054123933
-0.420536765427594
-0.815806438596853
-1.1921371592355
-1.54118299551308
-1.85534954371722
-2.12757553884222
-2.35176498316791
-2.5222664593104
-2.63628676942667
-2.69386519898
-2.69575724318966
-2.64311591110882
-2.53699239149754
-2.37930844997382
-2.17409559382143
-1.92664654868938
-1.6418828974147
-1.32462580750925
-0.980684689117901
-0.617014106989703
-0.241511890263808
0.137956622032244
0.514402106474844
0.880219815721676
1.22755636683222
1.55012901268313
1.84121109486056
2.09380863550018
2.30287979670365
2.46487696097805
2.57761267519832
2.63948403952392
2.64799772413666
2.60084261460059
2.49870709727474
2.3446825559107
2.14172564361144
1.89249650425405
1.60016697273419
1.27042969328794
0.911437512923483
0.531340435722708
0.139043624930816
