0
0.00104485048537484
0.00411787212387162
0.00889120655193203
0.0154231068188096
0.0234896295401548
0.0322063687737128
0.041039826424042
0.0495645046715383
0.057083993210556
0.0630991307115818
0.0670245422554617
0.0678417761406516
0.0646725707560978
0.0570424423023152
0.0449322910113068
0.028394917213781
0.00766576664848443
-0.016740297705059
-0.0440446655110545
-0.0735679356335615
-0.104192599638054
-0.134062761589132
-0.162244795433337
-0.187895707890336
-0.208881430531237
-0.223831143428289
-0.23250037963439
-0.234205385085714
-0.228472150029449
-0.21546142150285
-0.195290765801235
-0.16773963018338
-0.132735863791647
-0.0910711297003248
-0.0441194549654585
0.00679883478385359
0.0608964496598602
0.117642622923875
0.17559718930205
0.232348735822698
0.286111263820706
0.335623689631555
0.37889332987037
0.414030666943439
0.439833670772246
0.455234725174198
0.459559655210269
0.452396071133093
0.433549108063957
0.403040455156014
0.360711281763152
0.307448446169105
0.245134152324866
0.174801385349382
0.0972537884802529
0.0141914334617646
-0.0727616581183665
-0.161866688528401
-0.250604962647557
-0.336814514574388
-0.41904857942934
-0.494875508477285
-0.561347433831627
-0.616434872179498
-0.658281184729065
-0.685336249754398
-0.696462359389054
-0.691131328263825
-0.669267610345325
-0.630681355441173
-0.576028891207263
-0.506740637312354
-0.423998139332626
-0.329349825986413
-0.225233926918331
-0.114327921685726
0.00109557825898421
0.118923267828766
0.236456548860864
0.350844070611555
0.45963155037046
0.560610731113978
0.651486745241464
0.729921353023224
0.793520087001188
0.839968140884376
0.867948057246916
0.876565867001439
0.865116415359722
0.833843204529285
0.783504963795918
0.715397618388448
0.630876750940728
0.531679065092875
0.420033526309394
0.298024872095551
0.168370353268777
0.0337132546556646
-0.103472166689428
-0.239971288116642
-0.372678192747367
-0.498728081774355
-0.61553829446343
-0.721051832879636
-0.812820923263409
-0.888194538296155
-0.9448089963407
-0.981253624772314
-0.996932100251691
-0.991347189012688
-0.964328611060437
-0.915659573169748
-0.845604947819888
-0.755578055312644
-0.648037850116175
-0.52626669883409
-0.39327506645508
-0.251316033484
-0.102874672353167
0.0486138975842119
0.199321443836404
0.346014143672145
0.485986033570136
0.616433275718602
0.734458082707696
0.837429420460531
0.922919665552659
0.988737822989704
1.03376563701657
1.05723733617898
1.05810738716795
1.03619038559702
0.992108386893208
0.926555686408847
0.840678524771504
0.736509294355654
0.616452481364249
0.483304633959472
0.340355859832321
0.190741013071464
0.037397698138029
-0.11645198525809
-0.267706201647654
-0.413492490034923
-0.551010438583584
-0.677377728926586
-0.78985782705629
-0.886389617777311
-0.964910705421785
-1.02344586485998
-1.06049239593689
-1.07506255090065
-1.06683588624097
-1.03603093372497
-0.983244153663041
-0.909672657861538
-0.81677493184758
-0.706392912299726
-0.581359936393325
-0.444327509892187
-0.297757990587406
-0.144915572462672
0.0103195685925549
0.164553833784613
0.315199131088069
0.459135344410238
0.593067668397285
0.714462990696569
0.821060002352682
0.910229148666137
0.979995054521364
1.02950163446532
1.05745619907956
1.06293204891494
1.04577967286238
1.00647523643239
0.946382294035856
0.86667079566862
0.769261794169152
0.656713327695789
0.530915722724892
0.394287099816922
0.249856327365471
0.100751240986471
-0.0497594793838793
-0.198325371712229
-0.341547528002723
-0.477170754640423
-0.603457831083573
-0.717694923301843
-0.816935007244096
-0.898882321764393
-0.962263903629942
-1.00612645451091
-1.0292095616694
-1.03061418463865
-1.01028302854594
-0.968628556284779
-0.906464204769439
-0.825566802966937
-0.728038375161538
-0.615817369581321
-0.491170198462536
-0.357106266196683
-0.216451548873565
-0.0716649357698649
0.0743162147500837
0.218466692465576
0.357651574718851
0.489063429632564
0.610375076316481
0.719054463464309
0.812744878061326
0.889062141689023
0.945987087991514
0.983026940796035
0.999634945194373
0.995042084303126
0.969800949668626
0.9246317069192
0.860317800668797
0.778325639286349
0.680439572959127
0.568914053365948
0.446444799303706
0.315768074014894
0.179297229641731
0.0394524012618315
-0.100763379923218
-0.238081160448365
-0.369930058403756
-0.493981081317103
-0.607326620287241
-0.707857995451868
-0.794455158474805
-0.865095090308953
-0.917719455921916
-0.951163981944334
-0.964743464546097
-0.958357937528918
-0.931841560134854
-0.885267564721056
-0.819887342597848
-0.737756939542581
-0.640868265519114
-0.531173206573849
-0.410721912626641
-0.281975530933017
-0.148125967727267
-0.0120012131836573
0.123936650854475
0.256955596431278
0.384423830623685
0.50358106887352
0.612141429888416
0.70811943138494
0.789128962924565
0.853548390473376
0.90013952009889
0.927719058404311
0.935893620162772
0.924306085460198
0.893159122107888
0.843554981250007
0.776472989819755
0.693190958204398
0.595710795220891
0.486525501501613
0.36769859181432
0.241285482594575
0.110436349699045
-0.0220979603975446
-0.153789840406349
-0.281557675809144
-0.402843922826155
-0.515330886417409
-0.617056656258796
-0.706306653246276
-0.780856929899049
-0.838976628837018
-0.87961761934366
-0.901737689385666
-0.904812458724792
-0.889247858677825
-0.855381744347876
-0.803367238940201
-0.734327251480908
-0.649997131216387
-0.552197835027552
-0.443083425381344
-0.325158242149645
-0.201027897324288
-0.0732366215072012
0.0554269427904137
0.182382750392329
0.305385272285
0.421847598523486
0.529089893485219
0.624612648008745
0.707016525630145
0.775377749072207
0.827624559818593
0.862111130294127
0.878649974965931
0.876692023704169
0.855681821141224
0.816563167379358
0.760375424602196
0.688066617342028
0.601877722085581
0.504097676884377
0.396193540872387
0.280404549604572
0.159593906085397
0.0363727046372923
-0.0869928585125064
-0.207942169163997
-0.323927105834531
-0.433558333851377
-0.534845900926938
-0.625006223173364
-0.702066116867039
-0.764632581978184
-0.811609881835098
-0.84201226904091
-0.854766583853997
-0.849171251374923
-0.825332257138826
-0.784241262281666
-0.727043105429321
-0.654729146405981
-0.568534555853565
-0.470059144141502
-0.361836384489378
-0.246454420072361
-0.126292175230767
-0.00423351006035441
0.117252292124283
0.236108107059708
0.350123216178334
0.456751144296398
0.553648878181025
0.638901406981568
0.710517605460252
0.76719936683047
0.807883015322937
0.831354099870673
0.837020547184316
0.824697985457005
0.795097224273913
0.749346955320316
0.68787681605137
0.61162701354089
0.522860429300731
0.423714016372405
0.316227919343702
0.20276984447207
0.0855195321717346
-0.0331846049185033
-0.150840186201901
-0.264758749040818
-0.372816702097123
-0.47338218266326
-0.564294186277475
-0.643372739053889
-0.708636572669685
-0.75896944807952
-0.793820731593065
-0.812116894509154
-0.813151746386068
-0.79686026552002
-0.76385894803333
-0.715045859002383
-0.651150795002384
-0.57357035739744
-0.484100724189566
-0.384444459048113
-0.276997064918341
-0.164516052448691
-0.0491284949787675
0.0668932953834128
0.180981863813265
0.290701615556257
0.394184345196225
0.489873786020283
0.575361630480242
0.648462460181855
0.707695738059884
0.751774501041196
0.780105185674452
0.792103201842243
0.787201072630666
0.765748045611964
0.728441119394733
0.676200109963933
0.609892193288746
0.530703201741568
0.440721982649973
0.341903858066044
0.236462883610795
0.126878420048855
0.0152526352418752
-0.096462120251
-0.205978842835162
-0.310841410985494
-0.409212116132219
-0.49891054649586
-0.577714792998275
-0.644427352721798
-0.697915156326615
-0.736850055314878
-0.760300574754978
-0.768124338262752
-0.760387342650698
-0.736667479636824
-0.69708056781596
-0.642809190856685
-0.575275804612517
-0.495727711268526
-0.405667539339957
-0.307173540998929
-0.202462306559982
-0.0941801031176116
0.0152957862738068
0.124215427826055
0.230113358192917
0.330765475166942
0.424273930254
0.509028127724089
0.583426769573623
0.645387330148938
0.69399437836343
0.728285388145306
0.746954310036987
0.750012998388773
0.737367741074928
0.70892368939771
0.665414682592931
0.607723100146074
0.537632477074455
0.456924920820715
0.367010892351929
0.269836578077935
0.167519647018809
0.0618814442448593
-0.0450303224265222
-0.150619004463705
-0.252492000931345
-0.348670336308614
-0.437793261606181
-0.518272183603195
-0.588100829763646
-0.645715490075718
-0.689677304661742
-0.7190240769709
-0.733637607775385
-0.732994613301001
-0.716591675381994
-0.685109568227561
-0.639222575579408
-0.57954937463233
-0.507439256339109
-0.424731504867216
-0.333266923663008
-0.234908271368412
-0.132075181768762
-0.027154969920926
0.0778275962971906
0.180911391551673
0.280027083811838
0.373062750969529
0.45798309714218
0.532847205500982
0.5966811969793
0.648901261095855
0.687827296675253
0.711703532269761
0.720015956580778
0.713022347808234
0.690933944571494
0.654292078121172
0.604065696520392
0.541393552779612
0.46784565906318
0.385012051724274
0.294482294613002
0.197947409636438
0.0972955711140741
-0.00507532255003656
-0.106806821078351
-0.205809001086225
-0.300142462762576
-0.388324400793088
-0.468508691616857
-0.538576596630175
-0.597429634584544
-0.644326737712373
-0.67807528055702
-0.697386830759894
-0.701717792901875
-0.691508676439012
-0.666841113488785
-0.627881312131249
-0.575987353765933
-0.51220071286038
-0.437309936348319
-0.353034200918144
-0.261796810706757
-0.165683485491944
-0.0664133504300696
0.0339150042793008
0.133213503866034
0.229447285406391
0.320856948397051
0.4056192054016
0.481739492382315
0.547608458537789
0.601696409731673
0.643033617788995
0.671021901461036
0.684933647124549
0.684046545862354
0.668428743684604
0.639321989249492
0.597312132647197
0.543003565183399
0.477630319234551
0.402483675490936
0.319097686251572
0.229087804678222
0.134691347463711
0.0378718822203446
-0.0596663183519568
-0.155818564145793
-0.248450792495939
-0.33559130385903
-0.415687134672977
-0.487453492624449
-0.549218426913078
-0.599282451362557
-0.636737071422194
-0.661021137605491
-0.671844348921558
-0.668518003066732
-0.650538840879849
-0.619002869398779
-0.575050088270709
-0.519049116598823
-0.451899742474774
-0.375176397158081
-0.290449488083893
-0.199953969247562
-0.105696309985224
-0.00915576183855113
0.0874479495076888
0.181747119218526
0.271862967711738
0.35640169735972
0.4336168768831
0.501599444605463
0.55877652041525
0.603783545612716
0.635809621131765
0.654421511422303
0.659101682765304
0.649545505199111
0.626051113756191
0.589758937010905
0.541896429576755
0.48297322030719
0.414224413422218
0.337372491849315
0.253744242658468
0.164994658679797
0.0728311614851835
-0.0207435469812759
-0.113300947699793
-0.203148044926129
-0.288897159091447
-0.368477431946122
-0.439900441716394
-0.50219373710487
-0.554277091827232
-0.594580225230021
-0.622324220018235
-0.637298420853294
-0.639149191338918
-0.627475035717347
-0.602794061691414
-0.566220539842333
-0.51802181223239
-0.458537365920966
-0.389029062233582
-0.311232238480088
-0.227048997380174
-0.13829250911447
-0.0468288645730139
0.0454824543782558
0.136598800717936
0.224273763703888
0.306651205059929
0.382262668254398
0.44984365467127
0.508144173785751
0.555952072665171
0.592452574274954
0.616636833267977
0.627313588798163
0.624458327426478
0.608841588131195
0.580824900160957
0.540660617502214
0.48937542929746
0.428154547686751
0.357912890369456
0.280055373905667
0.196277995698658
0.108491291079179
0.0186663883217263
-0.0713434858076864
-0.159507976112504
-0.24391921508998
-0.323008333527984
-0.395358445812753
-0.459339157742039
-0.513420349500418
-0.556644617758149
-0.588094343883918
-0.607025406715738
-0.613465103707624
-0.607634915071178
-0.589513349345499
-0.559257693156307
-0.517033573358182
-0.463347150775828
-0.399580818739023
-0.327514991627532
-0.248707015432631
-0.164885249216399
-0.0781201638329251
0.00975951464135263
0.0969203519759188
0.18167792178131
0.262406329026894
0.33750887671475
0.405626669303854
0.46539756766842
0.515587026753818
0.55482343861069
0.582103805892466
0.59681417111412
0.598705100738825
0.588255100618205
0.565440932737829
0.530949746255142
0.486228250562623
0.431845234638442
0.368578511387956
0.297800571020127
0.221074013889456
0.139991619903456
0.0560351542508165
-0.0292054746884502
-0.113826847005202
-0.195705222629687
-0.273055391345087
-0.344594529927756
-0.408842363945378
-0.464247989658536
-0.509961809405563
-0.54569669548916
-0.57058105991728
-0.583628737673133
-0.584337058360432
-0.572394851074008
-0.548401092106328
-0.513013487117002
-0.466812490496382
-0.411161691027423
-0.347127517200731
-0.275749447572871
-0.199165627450358
-0.119191450326076
-0.0367428135857251
0.0469337011205605
0.129809569624501
0.209820992479561
0.285679920870372
0.355892187018329
0.418482420433503
0.471877522652466
0.515030100015315
0.547267368797339
0.568148406813262
0.576979845798607
0.573413065048626
0.557971287938501
0.531156639730729
0.493398701877934
0.445129157064213
0.386805768756802
0.320159139925625
0.247993270637101
0.17130853581628
0.0907290634034078
0.00859767923538524
-0.0734805475855514
-0.153892270738043
-0.230543135983378
-0.302497759271264
-0.368710521887796
-0.42717223799285
-0.476394708454587
-0.515770853080541
-0.544528453391242
-0.561736239175624
-0.56701004970608
-0.560424585451053
-0.54211138436975
-0.512531292952076
-0.472300133988406
-0.422180059668478
-0.362965151225451
-0.295729597568639
-0.222176906526341
-0.144266369446621
-0.06359033692774
0.0185146511401478
0.100182932279986
0.179569757707752
0.255112657969665
0.325262207966408
0.388288864062234
0.442639491585032
0.487518798211814
0.522159832527567
0.545372608323537
0.556592780584284
0.556345415041495
0.5448420355993
0.52205432071694
0.488413075869135
0.4440454446282
0.389746754462674
0.32762360182486
0.259385782807603
0.18625054050644
0.109788031721371
0.0313992408893293
