-0.103415	-0.3452517705	-0.612897222	-0.902967472
-0.064978163034	-0.209727100165	-0.37438368998	-0.53569582638
-0.024760390196	-0.072782336453	-0.12624607512	-0.1747173576
0.015726660338	0.0655086510015	0.121114380346667	0.17416791566
0.056394259344	0.2034866568	0.36977099264	0.51679767972
0.0963987024	0.3360808094	0.5996557111	0.8387002239
0.13324960788	0.4567429755	0.828018874106667	1.1382289664
0.16694860128	0.570725834545	1.03802513406667	1.4136044494
0.19909073632	0.67196773644	1.2118388672	1.6697196468
0.22568991192	0.76458339255	1.37909613486667	1.8717470324
0.2487037146	0.8394951676	1.52131509333333	2.02997586
0.26629436156	0.897992651465	1.6001702784	2.183209119
0.2786952672	0.93177960792	1.66295268906667	2.2480817828
0.28431139266	0.944382885615	1.6868858566	2.3109800224
0.28378929132	0.94106426442	1.6902228024	2.311822344
0.2776472504	0.915970619925	1.663517601	2.273071713
0.26592494544	0.87643440632	1.58392502133333	2.1730698188
0.24793873524	0.81652951651	1.4700748366	2.035282158
0.22594759356	0.74343202185	1.34143727373333	1.8361647808
0.19820964534	0.65207932328	1.1772681492	1.5895177578
0.1660451344	0.5519872706	0.9864643824	1.333231536
0.13102118744	0.429978627045	0.77392695346	1.0472537922
0.093524284152	0.30619134289	0.54368761724	0.74142739456
0.054242653688	0.173385100595	0.30894968258	0.42283627482
0.014058598912	0.038242713834	0.0654975168826667	0.087109082316
-0.0263524668	-0.098518898625	-0.180436611666667	-0.2540610975
-0.066314360812	-0.23627008267	-0.42047043036	-0.57836106432
-0.10481777592	-0.365519905725	-0.66047779686	-0.92783129476
-0.14098391328	-0.4857143032	-0.868413258933333	-1.2345694536
-0.17439083416	-0.599906096675	-1.0817396376	-1.5754793892
-0.2042525058	-0.70279194645	-1.27047719533333	-1.816688264
-0.22876792146	-0.795200569645	-1.4166429012	-2.101227226
-0.24920517056	-0.87159108358	-1.5574721968	-2.3278497396
-0.2647564353	-0.924198016455	-1.66934947826667	-2.4503048804
-0.27467135016	-0.95565286042	-1.7245707556	-2.6365024088
-0.2795121844	-0.964326662425	-1.755604505	-2.718408456
-0.27785153016	-0.95732091468	-1.733965024	-2.7414333416
-0.2701081176	-0.92827260682	-1.69129434793333	-2.6399149284
-0.25582389668	-0.88162824823	-1.6141306272	-2.5254023424
-0.23923771158	-0.81229589133	-1.4910946104	-2.3243172904
-0.2150627472	-0.7413032514	-1.340108016	-2.071430472
-0.18836371994	-0.63902720288	-1.1618032496	-1.730237442
-0.15652404968	-0.53465508918	-0.94969473208	-1.4196404344
-0.12255791094	-0.4073196602	-0.722638901093333	-1.0786933256
-0.085359329536	-0.27772502584	-0.49714046768	-0.71953198272
-0.04676434498	-0.1432607646	-0.254242547866667	-0.3718872089
-0.0076593980808	-0.0086193522751	-0.0119401774453333	-0.014631523088
0.032043867324	0.126802699625	0.23216503662	0.33269270922
0.071042159744	0.25937195358	0.466442265333333	0.65284366044
0.10796286798	0.38363031083	0.686505314126667	0.9667974247
0.143552613	0.49520247075	0.903853646	1.2464298
0.17512311998	0.60118453098	1.09110128513333	1.5109539474
0.20408150136	0.69600453648	1.24729041706667	1.71623627
0.22784704632	0.781908689625	1.4063206342	1.9181789172
0.24729080488	0.85045556967	1.5241711352	2.0720075904
0.2619793179	0.893257607775	1.58712657133333	2.201063632
0.27035938688	0.92091826746	1.619792448	2.2302160404
0.27344695872	0.91269001242	1.6429975802	2.241850432
0.27089757792	0.90788688932	1.6165491628	2.202206932
0.26322149006	0.87312297938	1.5665977596	2.1243385488
0.2492822156	0.8266480992	1.479528072	2.050652198
0.23088626148	0.76591921254	1.3699600888	1.8738060642
0.206091737	0.6809725581	1.2269110616	1.692639432
0.17772071718	0.595574996445	1.06445978473333	1.4367233446
0.14554877904	0.48825341486	0.869332912266667	1.1881908512
0.1113173544	0.3671784355	0.6556504848	0.8857301772
0.074743125684	0.24186283677	0.43089305548	0.59553125424
0.036650999358	0.11352770646	0.201684598086667	0.2776361392
-0.0017905456856	-0.01746992496	-0.035591236736	-0.049074035124
-0.040202533002	-0.14846542083	-0.269540286913333	-0.37681358282
-0.0783134508	-0.27904236925	-0.5010641898	-0.7043678208
-0.11337579528	-0.40020655799	-0.72031159564	-1.02098872332
-0.14727191072	-0.51057883758	-0.920925936026667	-1.3249855944
-0.17734284714	-0.616888221835	-1.116854184	-1.6212952774
-0.20371541712	-0.71125333356	-1.2908582496	-1.8710603688
-0.227029922	-0.7919845545	-1.41062449833333	-2.14920565
-0.2450855232	-0.8615257924	-1.53149312213333	-2.2953674392
-0.25550571124	-0.89777057075	-1.6220843706	-2.4442808436
-0.26387552788	-0.9209430891	-1.66551634346667	-2.5385353776
-0.2638245918	-0.92787198874	-1.67087598586667	-2.5985370698
-0.2587077376	-0.914950101	-1.676343592	-2.52271341
-0.25107527774	-0.87394264482	-1.6137645896	-2.4564785644
-0.23629734744	-0.82295727669	-1.49121753746667	-2.340222792
-0.21749587704	-0.75631977913	-1.366652196	-2.11110024
-0.19459691256	-0.66960308988	-1.20955845226667	-1.8188961096
-0.1669999428	-0.571699654075	-1.02692004433333	-1.54119836
-0.1367666088	-0.45859887076	-0.81502846916	-1.2323955264
-0.1028876272	-0.33885191655	-0.609898580373333	-0.87973981172
-0.066770454912	-0.21259639604	-0.381015685813333	-0.56030537388
-0.030077832218	-0.083615953551	-0.14908084508	-0.20913787458
0.007436974568	0.045403948365	0.08281502936	0.1221239328
0.044513087226	0.17411022356	0.314114535606667	0.44724314576
0.080804734136	0.29856355616	0.53037520416	0.7585781778
0.11530786278	0.41246100642	0.743413747333333	1.048487981
0.146544192	0.51708897758	0.930117929866667	1.3066264112
0.175382128	0.612199207025	1.104111246	1.537316739
0.20240557792	0.6948453996	1.25245026773333	1.7502482572
0.22285368444	0.76934129642	1.3876502276	1.8948031978
0.24020511696	0.82697166251	1.478810994	2.0486095344
0.25159088078	0.857811031005	1.53601904613333	2.1240943144
0.257737782	0.87941104	1.55448170666667	2.16996074
0.2586008061	0.86715459032	1.5517109862	2.1500253396
0.25334991196	0.84872379774	1.51521577093333	2.105174176
0.24379082406	0.81177835924	1.44813338606667	2.0260998252
0.22895553824	0.76389020744	1.360646504	1.8973358352
0.2093084714	0.6959252601	1.24610043333333	1.721988572
0.18455238732	0.61696768031	1.106023616	1.5210839344
0.15604377216	0.52399923499	0.92683816222	1.2925937988
0.1244492688	0.413311698	0.739341076853333	1.02209628184
0.09154158039	0.297876517155	0.532927415733333	0.7437766413
0.05555767784	0.17712721035	0.3172854672	0.4419275808
0.019567913268	0.0544915137465	0.09596711166	0.12930193926
-0.01689679584	-0.069986940316	-0.128732361306667	-0.18697414412
-0.05275163908	-0.195345607615	-0.35082628306	-0.5017367259
-0.087623920364	-0.3156385779	-0.571597688426667	-0.82313085888
-0.1206704202	-0.42849189695	-0.764099531533333	-1.112948002
-0.1518566932	-0.52909476928	-0.95285746784	-1.4264576172
-0.18010274198	-0.6236924283	-1.13095685953333	-1.6660929496
-0.20373181656	-0.71636912941	-1.2772680452	-1.8881536064
-0.22202751318	-0.77917717672	-1.3927799748	-2.1313575474
-0.2354072576	-0.8307389022	-1.49541471866667	-2.285576348
-0.24488939502	-0.86687811199	-1.56113171766667	-2.3778977946
-0.2494408878	-0.88287644351	-1.5905894016	-2.4168269832
-0.24906191966	-0.87532343388	-1.60556778026667	-2.4530903992
-0.24213441504	-0.84887267072	-1.56126585706667	-2.3970862604
-0.2315365325	-0.808751535875	-1.486712115	-2.268936315
-0.215917372	-0.75902120313	-1.37171034	-2.0853182672
-0.19590072174	-0.68138351041	-1.22421527033333	-1.8612981994
-0.17194071184	-0.59779869084	-1.0674127512	-1.6425040596
-0.14409935758	-0.49492534377	-0.877930427873333	-1.375412925
-0.1135755324	-0.3853333526	-0.691150700866667	-1.0192189756
-0.080660613012	-0.26703766833	-0.47721038112	-0.7012032753
-0.04668616324	-0.14539908888	-0.258339797333333	-0.37647043448
-0.011325184284	-0.023202941371	-0.0388906614266667	-0.050711933606
0.024294621936	0.099621016481	0.18262133272	0.26786692224
0.05879421977	0.219584857725	0.395412947966667	0.5652887141
0.092871812448	0.3350135567	0.597898018986667	0.86197989196
0.12456053764	0.442007750905	0.79204841346	1.1156842788
0.1524773432	0.53792118288	0.965545609746667	1.3689980264
0.17912683404	0.621319388485	1.11628519613333	1.5789234492
0.2025194952	0.6974085668	1.266453144	1.733377998
0.21812892848	0.755955099315	1.3562691562	1.8788263872
0.2317232016	0.79977143979	1.43334040573333	2.0071981248
0.24000107794	0.82408018177	1.4840645772	2.0690480286
0.24357693904	0.83385106854	1.48905627786667	2.0587395472
0.2407329036	0.82294285155	1.469139307	2.053390246
0.23499836812	0.79814054521	1.4164103184	1.9762705416
0.222787895	0.755681919285	1.34883703613333	1.886911169
0.20597261256	0.70155999328	1.24069418133333	1.7377620928
0.18431133844	0.62944644219	1.1308139934	1.56339129
0.159569969	0.5424408	0.97793126	1.35464992
0.13101187326	0.448648248125	0.80248230334	1.1069974832
0.099989057728	0.3396022439	0.6109102172	0.84789926172
0.06757515375	0.228363005295	0.410054533933333	0.57289993662
0.034087648896	0.11155072786	0.199980346773333	0.27202619408
-0.0003045477086	-0.00667574721325	-0.01510182963	-0.02827055151
-0.0344222294	-0.12650104944	-0.228006005333333	-0.33300585068
-0.067698538128	-0.242927717245	-0.440223545446667	-0.63764078466
-0.100165760368	-0.35295290562	-0.63928507516	-0.93632017584
-0.13009357438	-0.45516867732	-0.82255684206	-1.2261986
-0.1559282856	-0.5491396012	-1.00697484533333	-1.50435103
-0.18062137496	-0.637252112455	-1.145363485	-1.7148786102
-0.20007932648	-0.71303234244	-1.2764098984	-1.9443167944
-0.2169296406	-0.773814082075	-1.3824431724	-2.149622254
-0.22822845384	-0.8080558762	-1.4611179072	-2.2467501408
-0.2340838947	-0.8347850616	-1.51837494933333	-2.297220016
-0.2352508578	-0.84021853099	-1.5306363304	-2.3369276096
-0.23181807504	-0.828195045405	-1.5105668522	-2.3292830298
-0.22313646208	-0.79731444078	-1.46147637093333	-2.2270330076
-0.21028381068	-0.750335577375	-1.3455623022	-2.1072568416
-0.1941982284	-0.68440185425	-1.233812946	-1.883849976
-0.17233826064	-0.60665690643	-1.08971514446667	-1.6759535304
-0.148426056	-0.51588499816	-0.925811649813333	-1.4343726936
-0.12115507418	-0.417146674945	-0.74985308454	-1.1099167488
-0.091159764332	-0.30703574094	-0.556352293373333	-0.81543098128
-0.05895004995	-0.1932057465	-0.345349623666667	-0.5196537335
-0.02597166696	-0.077123141954	-0.13626426232	-0.19207264128
0.0076744293222	0.040005750474	0.0758967674493333	0.11798499394
0.040676524632	0.15773009103	0.289672000386667	0.4163851056
0.073596013772	0.26772903612	0.48499803748	0.70336816326
0.1047226096	0.374109216	0.6799945328	0.9668853716
0.1327092426	0.471776317785	0.858204390866667	1.2144216366
0.15953813036	0.55685356651	1.00819103184	1.4337992544
0.18110511162	0.633748521315	1.14732639486667	1.62578844
0.2004554304	0.70043917724	1.266569796	1.7765305608
0.2152041509	0.74422845385	1.354600517	1.883384433
0.22471207672	0.77760944352	1.42167239186667	2.0055408912
0.23085552672	0.794304924365	1.43008458213333	2.0012535638
0.23122843368	0.79287238624	1.425305336	2.0079736812
0.22652205892	0.771374084925	1.3962159424	1.9391435518
0.2178998664	0.7399225315	1.34087387866667	1.876069864
0.20369203686	0.69189104022	1.2442908534	1.7544216054
0.18565210928	0.62966106438	1.1458570856	1.599051132
0.1628140518	0.557436838595	1.00838392070667	1.3920542496
0.13698956852	0.46813539645	0.846747212	1.165337412
0.1089099541	0.370898735625	0.670187336933333	0.9367238516
0.07891014516	0.26697591804	0.47954703744	0.67598308756
0.04706003031	0.156809243295	0.28364350072	0.39562054686
0.014486295804	0.044478175182	0.076493181984	0.10505467392
-0.018326298234	-0.069352670244	-0.12983526948	-0.19251032938
-0.050402404	-0.1830973725	-0.334075602	-0.48800346
-0.082317610466	-0.29184778503	-0.536921678626667	-0.79394027792
-0.11165926536	-0.39204461328	-0.719203079186667	-1.0601645184
-0.13842727184	-0.48769876906	-0.89215235154	-1.3447291278
-0.16355880576	-0.57321968544	-1.04960545493333	-1.5848155092
-0.1842380538	-0.64923795845	-1.18473760266667	-1.767544474
-0.2005590676	-0.70916034761	-1.285081556	-2.0274515424
-0.21339139948	-0.760772208315	-1.365338479	-2.1375971344
-0.22175101536	-0.78712020896	-1.42196216106667	-2.2397302796
-0.22459395268	-0.7961270163	-1.4610531978	-2.2619526972
-0.2228052332	-0.7896022281	-1.450463276	-2.24434206
-0.21896132166	-0.76857595818	-1.42091081593333	-2.1670869194
-0.20753152024	-0.73170181656	-1.3468394368	-2.0596036296
-0.19280061554	-0.67983304644	-1.24371165133333	-1.9116194918
-0.17458880868	-0.61348818321	-1.1059678916	-1.7126518752
-0.1520599087	-0.53000880195	-0.9574075255	-1.50911748
-0.12735823744	-0.43724460888	-0.791229052693333	-1.1982972576
-0.099036303894	-0.337316547975	-0.6093960352	-0.92335713796
-0.068796230508	-0.22996654007	-0.41876185008	-0.63399526584
-0.03791692223	-0.121822666095	-0.215527504573333	-0.32020724648
-0.005995852776	-0.0094156276	-0.0140830836266667	-0.0152760436
0.026276948414	0.102432166305	0.19001236982	0.28242292092
0.057537834144	0.21112678215	0.3883606052	0.56416399536
0.087334994736	0.31272808847	0.576524095326667	0.83996854622
0.11654858928	0.40774913218	0.75688597064	1.0821477996
0.141384529	0.492904318875	0.912874696	1.31192837
0.16439020572	0.56948228218	1.05237613773333	1.4942043528
0.18365419936	0.639015325425	1.1657133774	1.6615647684
0.19903278312	0.6944075292	1.2820216576	1.7781613668
0.21255654924	0.73055819075	1.341011578	1.8607398084
0.2195272626	0.7505929518	1.3723927	1.932029088
0.21984982806	0.755454520215	1.38537457226667	1.9537872774
0.217967736	0.74769669416	1.37603882293333	1.921845136
0.21172288894	0.720072760335	1.3251913242	1.8683667612
0.20036997692	0.6809287248	1.24686478693333	1.7460217104
0.184511763	0.62911141895	1.14842077033333	1.604398103
0.16423415624	0.5607362212	1.0354887648	1.4436002568
0.14176485682	0.483311957235	0.885234871546667	1.2420664508
0.11678613372	0.39196318979	0.718187841293333	1.0176444008
0.087627021534	0.297738858285	0.53783554966	0.76760653296
0.05874837528	0.1921599126	0.3520922704	0.5014606832
0.02776037157	0.0863045746375	0.15682981572	0.2216526884
-0.0036001825352	-0.021317673517	-0.043129184928	-0.066132038952
-0.035250691826	-0.1311391152	-0.242656705066667	-0.35201541112
-0.065516448888	-0.23611460012	-0.437869989013333	-0.6459442336
-0.09560370955	-0.33449641745	-0.6228499695	-0.9331596654
-0.12325382572	-0.42946865796	-0.793832415546667	-1.189614
-0.14708789172	-0.511667331555	-0.945588318673333	-1.4551473452
-0.16818958336	-0.5858418115	-1.0849511432	-1.6489579968
-0.18601847116	-0.652817388195	-1.20503873406667	-1.839012651
-0.200965485	-0.7040381645	-1.29149988	-2.05611062
-0.21018429748	-0.740669862515	-1.359100785	-2.1624963012
-0.21585152784	-0.7558076448	-1.40199171946667	-2.163019826
-0.21643326552	-0.75839226482	-1.3987749828	-2.155287684
-0.21265207728	-0.74480089544	-1.3737295452	-2.1457788144
-0.20567019	-0.71406133845	-1.31599003833333	-2.085000808
-0.19326700944	-0.66669441944	-1.23415660133333	-1.9252163056
-0.17731009366	-0.61151858004	-1.1159184526	-1.795718976
-0.15748929856	-0.53431433757	-0.975017168906667	-1.561979852
-0.13427078958	-0.455450272845	-0.829643519233333	-1.29438729
-0.1080163092	-0.3571406644	-0.6706536448	-1.0243714284
-0.079570899392	-0.258721627725	-0.4819636638	-0.73938053102
-0.049596307464	-0.15576502398	-0.288058289906667	-0.43426279936
-0.019015387416	-0.0504978677105	-0.093287700216	-0.1362189444
0.012200825504	0.056190548112	0.104508795946667	0.1594550724
0.04310284914	0.1620601897	0.297653135966667	0.4376393323
0.07303473326	0.26097287707	0.48507778072	0.71232103488
0.101613945122	0.35559498879	0.661737544526667	0.95844390876
0.12766597632	0.43658390456	0.824250795413333	1.1878752784
0.15082955096	0.516544498305	0.97216978356	1.3901887332
0.1708361144	0.581329245	1.08647251066667	1.558812136
0.18809394828	0.63658478676	1.1955440832	1.6991368386
0.20117751664	0.68368136606	1.2721324056	1.8108392388
0.2096760993	0.70882475028	1.32702298166667	1.8710004328
0.213562719	0.72580449657	1.34701555853333	1.9038826312
0.214440777	0.71609913875	1.335083	1.903852575
0.20825036776	0.70108579368	1.3034573472	1.852079218
0.1987655928	0.667615828285	1.25032437266667	1.768691848
0.18440846424	0.61947449004	1.1580279876	1.6511802336
0.16739941276	0.55922523375	1.0488108904	1.4899169914
0.1462367808	0.489846547	0.9162136688	1.305304208
0.12194526092	0.406171012805	0.76398411384	1.0808048076
0.095556809896	0.31706860851	0.595554635933333	0.85333296008
0.067218916158	0.22114413552	0.416616763466667	0.60063029826
0.037597625648	0.12102673856	0.23190487728	0.32804132004
0.007414757756	0.0192436540425	0.0361211594166667	0.05079822682
-0.023225330784	-0.084025088323	-0.15697504956	-0.23363099712
-0.053161197386	-0.186793135255	-0.34911441204	-0.51663451554
-0.08237387288	-0.28296566364	-0.537943962666667	-0.80537373928
-0.10928227002	-0.37590811909	-0.698206419313333	-1.05590385376
-0.1348974334	-0.45838932315	-0.8665153794	-1.31581338
-0.1564437589	-0.531346129125	-1.00649095637333	-1.5475878642
-0.1751720796	-0.59810276388	-1.12408186453333	-1.7430529324
-0.19091872172	-0.64740902559	-1.216021345	-1.9070748528
-0.20150891016	-0.68670228132	-1.27816895133333	-2.0837303424
-0.2073538944	-0.71241060675	-1.341039976	-2.146591553
-0.2098682992	-0.71886752394	-1.351045188	-2.1496287384
-0.2072811446	-0.714146800965	-1.3470188626	-2.1459361062
-0.20076442524	-0.68983261872	-1.3074688168	-2.0740282024
-0.18985341984	-0.65424101179	-1.2321745968	-1.970389734
-0.176390784	-0.60323565	-1.13436605333333	-1.8163785
-0.15833249442	-0.533937930145	-1.01032613466667	-1.629170811
-0.13695776468	-0.46096003373	-0.86774734516	-1.355212032
-0.11311998996	-0.37667998197	-0.719567677553333	-1.0957173466
-0.086313721104	-0.28106856868	-0.543330914933333	-0.83035464408
-0.05859877536	-0.186696873825	-0.3595514676	-0.5419087569
-0.028872599	-0.086975871417	-0.166878819066667	-0.24887746624
0.001363453212	0.0133939813975	0.023388010884	0.037992304702
0.031072692288	0.11299981028	0.21335601408	0.31862461464
0.060141137732	0.20957961282	0.396992442393333	0.58798079842
0.08776839528	0.30313493275	0.574880631533333	0.8444103264
0.114149323	0.38522639617	0.74316598862	1.0754369718
0.13741251584	0.4631079663	0.888001731973333	1.2928253856
0.15778940562	0.528281397515	1.01019935976667	1.4801955082
0.175266348	0.58256605605	1.1205597788	1.6140297456
0.1892132559	0.62838656145	1.209602718	1.702812372
0.19843160784	0.6605193584	1.27746020053333	1.8050816184
0.20396841452	0.676189295895	1.3082794254	1.8452776464
0.2045121988	0.67667110038	1.3175667752	1.8553912256
0.2015076555	0.67293652741	1.2964726932	1.811264364
0.1944664288	0.6450701483	1.242874616	1.755843936
0.18313519824	0.60934487373	1.1698864072	1.6708396834
0.16737807084	0.55776127327	1.061311196	1.5220680992
0.14823298772	0.490415150355	0.94326780104	1.3399918128
0.12640964864	0.41653134504	0.7971262016	1.1361291628
0.10187379975	0.332847127625	0.637614484166667	0.925715395
0.074901380796	0.24571129884	0.4740759456	0.69021700608
0.047180365372	0.15283542681	0.294383053486667	0.42416120372
0.018554099328	0.058270880214	0.110219894773333	0.15820645452
-0.010631365658	-0.0394513305615	-0.077405112368	-0.11461766844
-0.03973906222	-0.13683860775	-0.2632786954	-0.3843701188
-0.067391346048	-0.228741083335	-0.444643853506667	-0.66722452078
-0.094186922048	-0.32035608632	-0.61689481728	-0.92750061924
-0.11868090198	-0.39910062528	-0.771883244073333	-1.1525788918
-0.14064413832	-0.475284623	-0.91609155228	-1.4166746912
-0.15945248	-0.5399507354	-1.043475972	-1.620380964
-0.17582568224	-0.593328606	-1.15259891653333	-1.7550431808
-0.18731738556	-0.639580513325	-1.2233452012	-1.9183096226
-0.1955159936	-0.66670125346	-1.274859748	-2.041012116
-0.20006161986	-0.681712084305	-1.29575615786667	-2.0971692286
-0.1997131164	-0.6794591216	-1.30569492266667	-2.081513434
-0.19453011564	-0.665846462665	-1.280655952	-2.074499928
-0.18651411372	-0.63894322659	-1.2254802084	-1.9630578912
-0.17469964356	-0.587792979325	-1.1326019744	-1.8551876856
-0.1588007008	-0.53657997052	-1.0211989788	-1.6392926976
-0.1398502146	-0.46519264965	-0.901888328266667	-1.425045011
-0.11799552204	-0.38522942426	-0.75759602584	-1.1664198648
-0.093340771714	-0.302994789615	-0.59180834744	-0.91624135008
-0.067259699584	-0.21249694512	-0.419675610026667	-0.65135301676
-0.039878389002	-0.12110327229	-0.239487720173333	-0.35792432944
-0.0114327574	-0.026582208575	-0.0529002438	-0.0790722432
0.017077641586	0.0683176596285	0.132879012026667	0.20177639108
0.045064225344	0.16093402698	0.315003750906667	0.4648377784
0.07226887239	0.251308363095	0.48769709208	0.72338616606
0.097085131384	0.33414104388	0.654783610386667	0.96108205368
0.1206190188	0.40902902115	0.806646730266667	1.159951916
0.1419323932	0.4755881922	0.94057034624	1.3611778212
0.1594200344	0.53207143182	1.043934866	1.5164915574
0.17464165248	0.58033658676	1.13683284666667	1.64879104
0.18549278188	0.61365154239	1.210553066	1.7435381418
0.1933230864	0.6380759946	1.25746177466667	1.788763482
0.1957563789	0.64520837577	1.27215375613333	1.8075510432
0.1943172714	0.6405199398	1.2630845952	1.7930096712
0.18829214124	0.62108376765	1.22065952866667	1.7543240698
0.1801461852	0.59048657128	1.16020618773333	1.659401828
0.1666331445	0.546387974575	1.070080055	1.539529986
0.150478738	0.48887410491	0.965693431266667	1.3750779888
0.13050676284	0.424053828635	0.828753515793333	1.2004494526
0.10779470064	0.34837313784	0.6891839584	0.9848477394
0.08399124006	0.26851336545	0.528100728573333	0.7684505073
0.05788052352	0.18144884345	0.3569714876	0.521821882
0.030661986284	0.0928015630135	0.1807796664	0.2613350259
0.0031132211928	0.00040402853388	-0.00195160301013333	-0.0020618163492
-0.024507424314	-0.092209839229	-0.18249506066	-0.2722280924
-0.051894342692	-0.18379898806	-0.36227553428	-0.53774219424
-0.0780048165	-0.26888650425	-0.5320759965	-0.810659269
-0.102001363968	-0.34931513386	-0.690129418693333	-1.04521048852
-0.12434613612	-0.422868991225	-0.83280467886	-1.288500048
-0.14408748356	-0.48590495331	-0.967988960666667	-1.4988792352
-0.16076615346	-0.54548785955	-1.0660944544	-1.664145941
-0.17142832	-0.5866744832	-1.160746128	-1.798570212
-0.1831283444	-0.618218882595	-1.21551135633333	-1.9408558322
-0.18938848968	-0.64054249567	-1.24676958853333	-2.0586856304
-0.1916310319	-0.64362993512	-1.2611326702	-2.040096933
-0.18921464992	-0.63682164774	-1.23678862906667	-2.033717972
-0.1829623755	-0.61242017455	-1.19933079966667	-1.952736802
-0.17389218056	-0.57673365145	-1.1244580756	-1.8573811776
-0.160187832	-0.526282450635	-1.03433439886667	-1.6777135758
-0.14277736632	-0.46497239412	-0.920835426133333	-1.4742330992
-0.1228503385	-0.397385077005	-0.78271410432	-1.2293695554
-0.10090260026	-0.32018913645	-0.638513186733333	-0.9838878656
-0.07645235868	-0.237474194745	-0.474259650106667	-0.73853935836
-0.050840768992	-0.15083075124	-0.30097723336	-0.45998363508
-0.02394243922	-0.061265094066	-0.122436324526667	-0.18651353924
0.0033215691024	0.029344866744	0.0553698955253333	0.086008405888
0.03021871138	0.11847770095	0.2349877697	0.3463950006
0.056679886176	0.20544606264	0.40139257808	0.60017784596
0.08199570351	0.28661016591	0.565589153273333	0.84251156574
0.106026457992	0.35996671037	0.71673114996	1.04692341888
0.12676063746	0.425779091775	0.856389702153333	1.2383964096
0.145179108	0.4811260825	0.9671845	1.4061327
0.1602433492	0.532912731975	1.0662011494	1.5399140412
0.17286140704	0.57095958294	1.1442708288	1.6559588584
0.18194213484	0.59893650642	1.19728842173333	1.7106911668
0.18650241568	0.6105588852	1.2202826304	1.7564672448
0.1873942687	0.613676408175	1.208202317	1.723570528
0.18263662836	0.59685829912	1.18955002613333	1.6894143904
0.17608090152	0.57193018157	1.1409440658	1.6429324416
0.16635592064	0.53264649096	1.07162554506667	1.5146452136
0.15119550522	0.484049008565	0.97243353116	1.4001985624
0.1334947796	0.42785285445	0.8527369048	1.226401176
0.11354756238	0.358610734575	0.71965673194	1.0416464308
0.090890762424	0.28383080016	0.572514207253333	0.83758153248
0.066633315484	0.204377070335	0.41579049194	0.60472886094
0.040742602224	0.12185346771	0.24507651968	0.35380449088
0.01432736439	0.0357161944425	0.0709396482333333	0.10339449914
-0.012331452096	-0.051962729898	-0.10482806136	-0.15550627884
-0.038546700292	-0.139526166255	-0.27739492628	-0.40994671256
-0.063802172952	-0.22466379021	-0.445666821573333	-0.67702227912
-0.088393134814	-0.30033393553	-0.60229642494	-0.91343314566
-0.109810826	-0.3707552574	-0.753343697066667	-1.13833982
-0.13111241442	-0.437798810385	-0.881143518786667	-1.3713816498
-0.14734859732	-0.49075407832	-0.99916676548	-1.5453978624
-0.16262568322	-0.542885786265	-1.091748113	-1.6904148612
-0.17246540928	-0.5777464952	-1.15149063013333	-1.8142554836
-0.178953607	-0.59518292375	-1.19810358	-1.90517736
-0.182270192	-0.61045175829	-1.220747276	-1.9815464552
-0.18315549738	-0.604434449775	-1.2151927064	-1.9847125394
-0.17827169544	-0.58924587336	-1.178502736	-1.9458283284
-0.1707029612	-0.558408815775	-1.12667760753333	-1.8448603892
-0.1590165726	-0.51706272895	-1.041864216	-1.68325872
-0.14505256006	-0.46459866803	-0.93899763344	-1.4957572266
-0.12674833248	-0.40485243984	-0.819574351786667	-1.278747766
-0.106020311754	-0.33483409496	-0.678426349626667	-1.04396966994
-0.083630694576	-0.25930674011	-0.5250502356	-0.8242364256
-0.05952173947	-0.176001275325	-0.360529858866667	-0.5535162519
-0.033869139336	-0.092731447748	-0.191084928426667	-0.29091610652
-0.00799799011	-0.0082257626506	-0.019085360776	-0.026921329008
0.017623154996	0.077496897996	0.154702128853333	0.2336850768
0.043631016198	0.15987454905	0.322659151126667	0.47899440138
0.06829126848	0.2366309673	0.4789343048	0.720253413
0.091788287986	0.31106797416	0.63794064408	0.94351929874
0.1127021874	0.37900657615	0.775210610866667	1.1352480248
0.13200102336	0.435637631305	0.89094372246	1.2957701364
0.14875958648	0.48747398976	0.986025868	1.4543519016
0.1610564571	0.522768449525	1.07251587533333	1.566982774
0.17173666916	0.55805267971	1.1335407356	1.6518733632
0.17773713516	0.572913952965	1.17801899226667	1.7034554354
0.17957904624	0.58059226742	1.186032536	1.6995241664
0.1781218161	0.57286687141	1.177323633	1.6826654052
0.173217786	0.5517249615	1.13887992666667	1.6240576
0.16363160664	0.523055934355	1.06899854813333	1.538668207
0.15248873264	0.47972293432	0.98563454208	1.4198120076
0.13619172868	0.425435487555	0.874365501006667	1.2590390742
0.11799499932	0.36748455492	0.750516170506667	1.08588206848
0.0971964263	0.300317285875	0.6111429875	0.8997242082
0.074584327488	0.22602791754	0.46686542752	0.67786755604
0.050144896872	0.148419792655	0.305422906213333	0.44626371004
0.025100130324	0.068196611403	0.1379289304	0.20159731656
-0.00063664299176	-0.0146210571045	-0.0309301510066667	-0.046628848098
-0.0262687152	-0.098141618	-0.199633347733333	-0.2962431664
-0.0512340098	-0.17800850238	-0.37007336184	-0.54646061976
-0.075340839832	-0.25429210458	-0.525910838973333	-0.80197527488
-0.097573102434	-0.32694943807	-0.666106152813333	-1.01510141284
-0.11803606	-0.38762173492	-0.80763297664	-1.2390443232
-0.1359980552	-0.4461716592	-0.925094049366667	-1.447041142
-0.1498509366	-0.49683712988	-1.01701426092	-1.5757744744
-0.16319968126	-0.53337717388	-1.0993249352	-1.697812614
-0.17235485952	-0.55914920436	-1.14544777386667	-1.7892589548
-0.1772497431	-0.574319493245	-1.1732549296	-1.8934552086
-0.1779688568	-0.57648834045	-1.172255958	-1.917339984
-0.17582513786	-0.567837049815	-1.155695191	-1.8975632832
-0.16994795328	-0.54444456304	-1.10878972613333	-1.8259177728
-0.16018474914	-0.510775643175	-1.0458992912	-1.674098622
-0.14673407336	-0.46317433527	-0.94761030884	-1.4995627168
-0.131017626	-0.4078964945	-0.845146951833333	-1.32321319
-0.11191071208	-0.34406323008	-0.7185966832	-1.10343919536
-0.090016652938	-0.27542870079	-0.574725772753333	-0.89262674938
-0.067436458848	-0.20036850045	-0.416188598466667	-0.63650586048
-0.043658469112	-0.121299314175	-0.252286326	-0.3858545346
-0.0186391788	-0.04123341915	-0.0868252003466667	-0.1320454506
0.0067078747134	0.04019592786	0.0803012850886667	0.1226029115
0.03208274716	0.11982253813	0.24648615236	0.36598118784
0.056710142632	0.19656579753	0.403543081766667	0.60084053194
0.079734628968	0.2684724806	0.552322309973333	0.83088449984
0.10220905871	0.3332061014	0.6967511142	1.0129881357
0.12127450348	0.39220406028	0.8159302172	1.193461952
0.13854367728	0.43720529552	0.91762632962	1.3486648084
0.15280973792	0.487467223	1.00308769608	1.470355614
0.1642467981	0.514162405575	1.07308232546667	1.5705646174
0.1710053748	0.5377867097	1.11606419533333	1.644042644
0.1758970467	0.54914817403	1.15451355	1.6339877064
0.17488263472	0.54396846504	1.14228343306667	1.64057055
0.17089843572	0.535012214935	1.10879432073333	1.5788692286
0.1644337718	0.51139576838	1.0599522492	1.5226507296
0.1539406666	0.4743209736	0.989386307333333	1.4124224
0.13983011136	0.43010925442	0.89518482256	1.2867263508
0.12309937824	0.372740510495	0.77169703218	1.1266378572
0.104001685448	0.31185413196	0.647544314853333	0.94598470872
0.08219965689	0.244386638995	0.5099297501	0.74398173108
0.059079713	0.172200756	0.357588816	0.528209484
0.035379197412	0.0961530146955	0.20021293734	0.2968347291
0.0104174934024	0.018031210333	0.0357753339933333	0.056936748256
-0.014511058808	-0.059775154252	-0.12778971422	-0.18629248824
-0.03893408512	-0.1385011182	-0.291432579146667	-0.42586305828
-0.06244227915	-0.2149694924	-0.445316659966667	-0.6707811374
-0.08516746872	-0.28078209538	-0.5877151974	-0.88493823384
-0.105877449832	-0.34770644454	-0.712985922086667	-1.0893826103
-0.12433693104	-0.40306950208	-0.842758538346667	-1.3015012976
-0.1400365764	-0.452484299985	-0.94597085374	-1.481929338
-0.153945543	-0.49079798685	-1.03447990333333	-1.599936704
-0.16388104788	-0.519206239085	-1.09872923906667	-1.701121022
-0.17015069968	-0.53759929832	-1.1255544256	-1.7838424152
-0.17126321942	-0.54710797857	-1.13333413873333	-1.8128136974
-0.171121476	-0.54130024311	-1.11954357773333	-1.80818872
-0.1665570811	-0.527117200925	-1.091235537	-1.751755152
-0.15747948328	-0.49726039392	-1.03057354752	-1.6606227792
-0.14833127574	-0.458957201785	-0.95122491086	-1.5350022708
-0.13362101864	-0.41169156444	-0.85609785876	-1.33793472
-0.11783683128	-0.35330553405	-0.743383077073333	-1.1483322552
-0.09833431776	-0.2889908465	-0.606488153333333	-0.9527316786
-0.077196786232	-0.219830479815	-0.46192421712	-0.7234417035
-0.054007711164	-0.14648497437	-0.30631961284	-0.4700600492
-0.030314355204	-0.071747953198	-0.148564002206667	-0.2259550558
-0.005361494968	0.005930338392	0.012915392112	0.019869604356
0.01952432235	0.083142736875	0.173936458333333	0.2597725885
0.043434371052	0.15732337118	0.330505109306667	0.48958863584
0.066920374354	0.22651828828	0.47406056782	0.71592685164
0.088770006	0.29160328698	0.616607220026667	0.91552126772
0.10865120835	0.34993756602	0.743398803053333	1.09083029286
0.1266357834	0.40185084165	0.8515146892	1.262142432
0.1412036645	0.446768946975	0.9319233462	1.4024394442
0.15298900896	0.48394192248	1.00769676682667	1.4968054852
0.16264430556	0.507367842795	1.0548283374	1.5472033908
0.168009473	0.51537098169	1.084796358	1.5948953792
0.1695288582	0.52316720265	1.09798559466667	1.590715232
0.16809665408	0.51641187598	1.080869772	1.5649033764
0.16347029062	0.496542626415	1.04091422530667	1.5094811338
0.15485986932	0.46429597532	0.976382091253333	1.4241062704
0.14273858986	0.426120740015	0.88743787002	1.3129477596
0.1270764092	0.3767706096	0.791617140266667	1.164815132
0.110052305532	0.32061995556	0.671553008493333	1.01000732898
0.090191350384	0.2592263644	0.54337982556	0.81218174448
0.068569393264	0.190844225355	0.402412212106667	0.59420882136
0.045105440688	0.12092666846	0.254752006373333	0.3740786116
0.02102013017	0.046983085845	0.09822607907	0.1443863604
-0.0035451263212	-0.027602680023	-0.0586499593293333	-0.089852610488
-0.027892900902	-0.1024277332705	-0.21333996032	-0.32419659816
-0.051367689248	-0.17450533312	-0.3679971456	-0.5603340492
-0.074342483344	-0.24236577909	-0.511367797986667	-0.7895827379
-0.0954336819	-0.30469704825	-0.644480250333333	-0.99108072
-0.1150178302	-0.362219056275	-0.76964846334	-1.1982857814
-0.13108971552	-0.41064116694	-0.877339782106667	-1.3755105984
-0.14387367654	-0.45313941833	-0.958950156413333	-1.5235991368
-0.15623835212	-0.48487598902	-1.03181316416	-1.6116397896
-0.1621678927	-0.50798018835	-1.07014970833333	-1.681946158
-0.16759985136	-0.5214834416	-1.09201956853333	-1.7287098868
-0.168360429	-0.519898990975	-1.0885664944	-1.7310614454
-0.1648714004	-0.50790027354	-1.06307276946667	-1.7086611424
-0.15848175336	-0.4851373629	-1.01877360046	-1.6269768286
-0.148743344	-0.4529431255	-0.9494045172	-1.510771878
-0.13620824228	-0.41080576215	-0.867609585773333	-1.3586913058
-0.12089874672	-0.35875389276	-0.753456114946667	-1.1935680168
-0.102489997256	-0.30014309269	-0.63834107494	-0.9961273227
-0.082087739552	-0.23699221308	-0.503644487573333	-0.79334622752
-0.05989779789	-0.16746151395	-0.357235103333333	-0.5522534426
-0.036907656192	-0.097322445465	-0.20743016392	-0.31022974944
-0.012969172684	-0.023659312929	-0.05344264372	-0.07306020666
0.0110702352384	0.04931860164	0.102906264568	0.16490942368
0.03456299608	0.122307877395	0.25531214844	0.3904120533
0.0581308594	0.189421947	0.398936679866667	0.614354796
0.079644442176	0.25439572319	0.537651219806667	0.81160067604
0.09928590784	0.31001912096	0.66751373472	0.99460409892
0.11754393264	0.363913951185	0.7769090427	1.1480940186
0.13333152924	0.4093276271	0.865020682746667	1.2861964272
0.145551208	0.448442714125	0.947652189	1.394386875
0.15638416144	0.47481410538	1.00490141045333	1.4784047808
0.16162848702	0.49134920516	1.03463977661333	1.5226335634
0.16467628188	0.49854833763	1.05397968	1.5449265216
0.16430166158	0.49221251787	1.05067592166667	1.5288240162
0.1598291676	0.4808543586	1.01992054826667	1.494794276
0.1529199581	0.455332853165	0.9689431029	1.417823859
0.141576266	0.42551612145	0.887069057466667	1.3137124352
0.12810238164	0.38016553614	0.802151365613333	1.1835056926
0.111822392	0.32855013726	0.6968155484	1.03752431208
0.09270015393	0.271369307475	0.5806819138	0.8607269783
0.072419462388	0.20939703447	0.44950617272	0.66130761224
0.050284363228	0.142327284045	0.30989940408	0.44757971658
0.027350767752	0.072947718888	0.15748210544	0.23141915216
0.0037961818182	0.0013411271848	0.00560854660326667	0.0032356175992
-0.01976161148	-0.07006891952	-0.1465029692	-0.226726872
-0.042903019326	-0.14036132979	-0.295096766553333	-0.4571336657
-0.065100542976	-0.20895992082	-0.436826573066667	-0.68473760628
-0.085949062808	-0.271229876225	-0.57350832226	-0.89244756018
-0.104843150768	-0.32647909794	-0.68883382876	-1.07704497152
-0.1214111643	-0.376764167675	-0.796538305233333	-1.259819488
-0.13545162768	-0.42157886524	-0.89611090464	-1.4217203892
-0.14736206972	-0.456166743795	-0.965239400766667	-1.5331627588
-0.15557502564	-0.48039178335	-1.02322128006667	-1.6163491584
-0.16026454422	-0.4958093567	-1.059310957	-1.675306983
-0.161875728	-0.4991617665	-1.05838096	-1.70105341
