3.483372E-12, 6.570358E-12, 1.860354E-12, 5.941446E-12
-4.274458E-05, -7.181327E-05, -0.0001416995, -0.0002463323
-0.0002136838, -0.0004899534, -0.0008607482, -0.001451918
-0.0005845887, -0.001639762, -0.002734826, -0.004429936
-0.001231381, -0.003802391, -0.006379744, -0.01007238
-0.002186265, -0.007109028, -0.01216618, -0.01858108
-0.003508653, -0.0115836, -0.01983699, -0.03150694
-0.005227474, -0.01719853, -0.03063891, -0.04693663
-0.007246194, -0.02373575, -0.04313475, -0.06833499
-0.009508064, -0.03147233, -0.05665711, -0.09360757
-0.01211585, -0.03990534, -0.0719529, -0.1186339
-0.01483392, -0.04826599, -0.08876011, -0.1425637
-0.01763856, -0.05690509, -0.1031639, -0.1673825
-0.02024565, -0.06461304, -0.11869, -0.1920421
-0.0224585, -0.07104792, -0.1306858, -0.2071194
-0.02445064, -0.07593924, -0.1387754, -0.2227327
-0.02564249, -0.0785676, -0.1422759, -0.2279868
-0.02591211, -0.07882605, -0.1415218, -0.2114131
-0.02511505, -0.07563338, -0.1345504, -0.1977544
-0.02333589, -0.06834551, -0.1210443, -0.1747877
-0.02025684, -0.05814261, -0.1036277, -0.1415974
-0.01595606, -0.04402933, -0.07794292, -0.1047762
-0.01042125, -0.02716609, -0.04776109, -0.06023049
-0.003830673, -0.007054796, -0.01230791, -0.01090279
0.003786814, 0.01590247, 0.02781074, 0.04340914
0.01227818, 0.04102483, 0.07221867, 0.1001971
0.02114212, 0.06778297, 0.1184416, 0.1606613
0.03029578, 0.09552047, 0.1675797, 0.219767
0.03998476, 0.1238615, 0.2168292, 0.2803471
0.0491753, 0.1504697, 0.2626392, 0.3412423
0.05775307, 0.1753175, 0.3078716, 0.4002368
0.06495455, 0.197935, 0.3513801, 0.4455826
0.07223478, 0.217552, 0.3880364, 0.4962996
0.07731985, 0.2315404, 0.4167686, 0.5313913
0.08063667, 0.243819, 0.4360079, 0.5730378
0.08224872, 0.2483694, 0.4415584, 0.5784031
0.08171116, 0.2486667, 0.4416417, 0.5792913
0.07862726, 0.2409041, 0.424835, 0.5560094
0.07401387, 0.228193, 0.4000879, 0.5220724
0.06640468, 0.2074854, 0.3696932, 0.484195
0.05719408, 0.1798062, 0.3145631, 0.4148832
0.04581226, 0.1438409, 0.2550514, 0.3348202
0.03208583, 0.1016464, 0.1799497, 0.2438153
0.01708686, 0.05520768, 0.09781019, 0.1316539
0.0009814962, 0.004053962, 0.005907475, 0.007971776
-0.01625957, -0.05070856, -0.09169381, -0.1274465
-0.03400155, -0.1073552, -0.1948862, -0.271123
-0.05189065, -0.1646311, -0.2984388, -0.41888
-0.06963386, -0.2212019, -0.39918, -0.5785579
-0.08645452, -0.2798626, -0.5005538, -0.7301378
-0.1017829, -0.3332823, -0.5982934, -0.8911905
-0.1154232, -0.3785012, -0.6836514, -1.033004
-0.1272245, -0.4182678, -0.765048, -1.170121
-0.1371735, -0.4510803, -0.807275, -1.283723
-0.1438984, -0.4728169, -0.860733, -1.340582
-0.1473678, -0.4804465, -0.8779671, -1.376285
-0.1485415, -0.4814663, -0.8793817, -1.383924
-0.1453912, -0.4720463, -0.8519533, -1.357632
-0.1387877, -0.4530136, -0.81678, -1.270803
-0.1292899, -0.4184851, -0.7606087, -1.184837
-0.1160207, -0.3751978, -0.68068, -1.01316
-0.1007234, -0.3200901, -0.5734356, -0.8380678
-0.08073661, -0.2563372, -0.4513482, -0.6732858
-0.05899015, -0.1834602, -0.3288597, -0.461492
-0.03493536, -0.1042123, -0.1849055, -0.2611853
-0.009432148, -0.02229974, -0.03678977, -0.04557746
0.01716578, 0.06366438, 0.1162771, 0.1684444
0.04392897, 0.1494998, 0.2717548, 0.3734818
0.07116515, 0.2333184, 0.4223588, 0.574954
0.09599421, 0.3139813, 0.5716596, 0.7636937
0.1217791, 0.3900186, 0.7110445, 0.9476851
0.1443674, 0.463109, 0.8399819, 1.114933
0.1641166, 0.5305555, 0.9499747, 1.263103
0.180211, 0.5789621, 1.034867, 1.353223
0.1939043, 0.6145989, 1.10477, 1.45349
0.2032215, 0.6416709, 1.157655, 1.561558
0.2088554, 0.6504736, 1.187122, 1.553026
0.2083727, 0.6533859, 1.195816, 1.587858
0.2026949, 0.6379537, 1.162657, 1.551072
0.1938868, 0.6117639, 1.106253, 1.491609
0.1803234, 0.5684711, 1.035365, 1.36662
0.1621638, 0.5163053, 0.9193225, 1.249124
0.1402592, 0.4490594, 0.7956918, 1.059995
0.1154183, 0.3695239, 0.6580875, 0.8765871
0.08689273, 0.2770093, 0.4959948, 0.6582953
0.0559517, 0.1761292, 0.3127989, 0.4216616
0.02353495, 0.07341567, 0.1261102, 0.1726775
-0.01008991, -0.03545697, -0.06836937, -0.09084763
-0.04374027, -0.1466851, -0.264547, -0.3634512
-0.07696128, -0.2569495, -0.4656286, -0.6419224
-0.1095063, -0.3619848, -0.6510563, -0.9071198
-0.1395508, -0.4574371, -0.8324706, -1.192193
-0.1675509, -0.5530921, -1.010571, -1.411758
-0.1915353, -0.6372675, -1.149991, -1.722493
-0.2130582, -0.7131961, -1.28399, -1.864221
-0.2290185, -0.7609959, -1.401287, -2.07173
-0.2409214, -0.7934209, -1.469747, -2.268386
-0.2481901, -0.821264, -1.494386, -2.342762
-0.2494665, -0.8242961, -1.500546, -2.355294
-0.2454686, -0.8106793, -1.4759, -2.3337
-0.2354726, -0.7799722, -1.424518, -2.238058
-0.2212351, -0.7291348, -1.329877, -2.100075
-0.2032328, -0.6720129, -1.213109, -1.929311
-0.1785377, -0.5872412, -1.071486, -1.613405
-0.151194, -0.495649, -0.8971923, -1.313101
-0.1217396, -0.3907398, -0.690873, -1.032798
-0.08667064, -0.271634, -0.485469, -0.6947799
-0.05021629, -0.1512454, -0.2664751, -0.3792989
-0.01180818, -0.02592783, -0.04006652, -0.05234269
0.02706053, 0.1001416, 0.1878126, 0.2658263
0.0652922, 0.2256107, 0.4106856, 0.5662431
0.1021699, 0.3470333, 0.6203429, 0.8669353
0.1373331, 0.457976, 0.8351493, 1.1294
0.1699022, 0.5562603, 1.013513, 1.38477
0.1989744, 0.6499033, 1.186723, 1.595971
0.2249255, 0.7335513, 1.321514, 1.789606
0.2452193, 0.7984701, 1.448929, 1.943063
0.261162, 0.842774, 1.519878, 2.051976
0.2708609, 0.8705438, 1.579317, 2.125818
0.2750951, 0.8809494, 1.601662, 2.129889
0.2739238, 0.877944, 1.582596, 2.156527
0.2667589, 0.8444279, 1.542072, 2.087438
0.2534893, 0.8075899, 1.469037, 1.991906
0.2364584, 0.7508582, 1.351005, 1.799656
0.2108065, 0.6756611, 1.216632, 1.652101
0.1835085, 0.5904862, 1.04662, 1.395919
0.149694, 0.4821791, 0.8606492, 1.147685
0.1138519, 0.3654962, 0.6521659, 0.8732777
0.07466647, 0.2400638, 0.4241605, 0.5738741
0.03492353, 0.1094231, 0.1922132, 0.2627372
-0.005497415, -0.02227964, -0.04630376, -0.06194205
-0.04611565, -0.1565153, -0.2849616, -0.3902357
-0.08559263, -0.2873939, -0.519107, -0.7173163
-0.123253, -0.4138663, -0.7431182, -1.052024
-0.1599223, -0.5317119, -0.9510798, -1.358389
-0.1917063, -0.6412807, -1.15788, -1.659272
-0.2200889, -0.7332346, -1.320485, -1.90288
-0.243605, -0.8225945, -1.467092, -2.192739
-0.2632024, -0.8908433, -1.595569, -2.353101
-0.2755329, -0.9251693, -1.681044, -2.556102
-0.2820087, -0.9558678, -1.739318, -2.747849
-0.2826718, -0.9576591, -1.754368, -2.740796
-0.2791578, -0.941998, -1.709636, -2.667197
-0.2680395, -0.9084492, -1.635754, -2.605703
-0.252275, -0.8540998, -1.554741, -2.428671
-0.2306073, -0.7759392, -1.425853, -2.231898
-0.2044706, -0.6935914, -1.260361, -1.90556
-0.1750972, -0.5874054, -1.058608, -1.563679
-0.1408107, -0.4739852, -0.8399616, -1.24975
-0.103415, -0.3435341, -0.6088383, -0.8940272
-0.06496517, -0.2086733, -0.3718797, -0.5302869
-0.02475049, -0.07241303, -0.1253934, -0.172919
0.01571723, 0.06517301, 0.1202884, 0.1723411
0.05634918, 0.202434, 0.3672249, 0.5112759
0.0963024, 0.3343256, 0.5954873, 0.8295749
0.1330899, 0.454335, 0.8222086, 1.125622
0.1667152, 0.5676887, 1.030673, 1.397671
0.1987727, 0.6683586, 1.203176, 1.650573
0.2252844, 0.760439, 1.369147, 1.849918
0.2482073, 0.8349032, 1.51024, 2.005905
0.2657098, 0.8930363, 1.588416, 2.156895
0.278028, 0.9265907, 1.650628, 2.220547
0.2835741, 0.9390771, 1.674273, 2.282224
0.2829969, 0.9357306, 1.677474, 2.282605
0.2768168, 0.9107339, 1.650861, 2.243901
0.2650767, 0.8713804, 1.57177, 2.144759
0.2470986, 0.8117806, 1.458697, 2.00837
0.2251371, 0.7390715, 1.330967, 1.811528
0.1974593, 0.6482224, 1.168002, 1.567881
0.1653836, 0.5486951, 0.9786353, 1.314824
0.1304732, 0.4273929, 0.7677339, 1.032591
0.09311458, 0.3043349, 0.5393013, 0.7309024
0.05399428, 0.1723253, 0.3064369, 0.4167517
0.01399144, 0.03800707, 0.06496051, 0.08583867
-0.02622136, -0.09790698, -0.1789454, -0.2503065
-0.06597131, -0.2347909, -0.4169679, -0.5697016
-0.1042548, -0.3632135, -0.6549327, -0.9137594
-0.1401988, -0.4826255, -0.8610655, -1.215606
-0.1733852, -0.5960615, -1.072516, -1.550974
-0.2030343, -0.6982533, -1.259561, -1.788079
-0.2273583, -0.7900259, -1.404378, -2.06773
-0.2476204, -0.8658763, -1.543886, -2.290289
-0.2630205, -0.9180927, -1.654678, -2.410294
-0.2728162, -0.9492926, -1.709301, -2.592941
-0.2775692, -0.9578611, -1.739945, -2.672968
-0.2758653, -0.9508551, -1.718385, -2.695078
-0.268124, -0.9219572, -1.675987, -2.594766
-0.2538943, -0.8755867, -1.599416, -2.481724
-0.2373861, -0.8066894, -1.477404, -2.283668
-0.2133559, -0.7361502, -1.327716, -2.034804
-0.1868317, -0.6345536, -1.150984, -1.69931
-0.1552202, -0.5308858, -0.9407886, -1.393991
-0.1215129, -0.404428, -0.7158148, -1.058996
-0.08461472, -0.2757397, -0.4924133, -0.7062544
-0.04634722, -0.1422296, -0.2518084, -0.3649531
-0.007589574, -0.008556887, -0.01182508, -0.01435589
0.03174546, 0.1258775, 0.2299119, 0.3263613
0.07036664, 0.2574667, 0.461885, 0.6402939
0.1069151, 0.3807934, 0.6797531, 0.9480265
0.1421313, 0.4915161, 0.8949046, 1.22199
0.1733549, 0.5966796, 1.080227, 1.481037
0.2019809, 0.6907548, 1.234778, 1.681925
0.2254572, 0.7759725, 1.392121, 1.879462
0.2446486, 0.8439571, 1.508682, 2.029788
0.2591289, 0.8863881, 1.570894, 2.155792
0.2673649, 0.9137907, 1.60312, 2.183917
0.2703648, 0.9055812, 1.625979, 2.19488
0.2677912, 0.9007708, 1.599699, 2.155645
0.2601517, 0.8662364, 1.550166, 2.079016
0.2463263, 0.8200874, 1.463913, 2.006509
0.2281034, 0.7598028, 1.355412, 1.833111
0.2035675, 0.675501, 1.213802, 1.655555
0.1755093, 0.5907603, 1.053017, 1.404971
0.1437093, 0.4842823, 0.859931, 1.161704
0.1098888, 0.364174, 0.6485168, 0.8658164
0.07376937, 0.2398719, 0.4261767, 0.5820282
0.03616637, 0.1125876, 0.1994639, 0.271288
-0.001766521, -0.0173244, -0.03519703, -0.04794259
-0.03965529, -0.1472214, -0.2665373, -0.3680539
-0.0772322, -0.2766905, -0.4954491, -0.6878592
-0.1117884, -0.3968138, -0.7121926, -0.9968646
-0.1451813, -0.5062253, -0.9104857, -1.293426
-0.1747909, -0.6115979, -1.10412, -1.582369
-0.2007444, -0.7051188, -1.276056, -1.825781
-0.2236748, -0.7851148, -1.394357, -2.096786
-0.241416, -0.8540105, -1.513732, -2.238946
-0.2516306, -0.889895, -1.603167, -2.383734
-0.2598223, -0.912819, -1.645984, -2.475171
-0.259721, -0.9196412, -1.651172, -2.533181
-0.2546336, -0.906789, -1.656466, -2.458785
-0.2470727, -0.8661044, -1.594524, -2.393762
-0.2324846, -0.8155359, -1.473341, -2.28003
-0.2139444, -0.7494622, -1.35018, -2.0564
-0.1913817, -0.6634989, -1.194901, -1.771422
-0.1642084, -0.5664599, -1.014409, -1.50068
-0.134454, -0.4543732, -0.8050459, -1.199762
-0.101128, -0.335713, -0.6023888, -0.8562778
-0.06561562, -0.2106166, -0.3762994, -0.5452563
-0.02955181, -0.08283318, -0.1472258, -0.2034811
0.007305476, 0.04497667, 0.08177916, 0.1187976
0.04371743, 0.1724632, 0.3101651, 0.4349768
0.07934479, 0.2957246, 0.5236722, 0.7376295
0.1132023, 0.4085188, 0.73397, 1.019335
0.14384, 0.5121214, 0.918242, 1.270049
0.172112, 0.6062879, 1.089942, 1.493991
0.1985926, 0.688102, 1.236296, 1.700591
0.2186126, 0.7618372, 1.369662, 1.840687
0.2355876, 0.8188649, 1.459545, 1.989714
0.2467061, 0.8493599, 1.515908, 2.062628
0.2526841, 0.870704, 1.534028, 2.106758
0.2534805, 0.8585264, 1.531193, 2.086998
0.2482849, 0.8402374, 1.495082, 2.043065
0.2388701, 0.8036216, 1.428797, 1.965942
0.2242903, 0.7561772, 1.34239, 1.840644
0.2050034, 0.6888644, 1.2293, 1.670212
0.1807211, 0.6106777, 1.09104, 1.475062
0.1527744, 0.5186314, 0.9142219, 1.253242
0.121818, 0.4090575, 0.7292291, 0.9907874
0.08958855, 0.2947959, 0.525604, 0.7208535
0.05436172, 0.1752867, 0.3129048, 0.4282244
0.01914294, 0.05392263, 0.0946359, 0.1252683
-0.0165266, -0.06925286, -0.1269383, -0.1811063
-0.0515858, -0.1932871, -0.3459143, -0.4858965
-0.08567063, -0.312297, -0.5635576, -0.7969896
-0.1179574, -0.4239346, -0.7533022, -1.077394
-0.1484135, -0.5234416, -0.9393311, -1.380621
-0.1759847, -0.616998, -1.114829, -1.612244
-0.1990346, -0.7086449, -1.258971, -1.826774
-0.2168661, -0.7707376, -1.372738, -2.061673
-0.2298899, -0.8217002, -1.473799, -2.210422
-0.2391031, -0.8574038, -1.538465, -2.299263
-0.2434995, -0.8731841, -1.567392, -2.336453
-0.2430821, -0.8656712, -1.582048, -2.371052
-0.2362748, -0.8394706, -1.538294, -2.316473
-0.2258893, -0.7997543, -1.464741, -2.192209
-0.21061, -0.7505401, -1.35135, -2.014411
-0.1910481, -0.6737366, -1.205965, -1.797661
-0.1676489, -0.5910606, -1.051431, -1.586041
-0.1404751, -0.4893226, -0.8647289, -1.327875
-0.1106974, -0.3809524, -0.6807131, -0.9838021
-0.07860126, -0.2639886, -0.4699728, -0.6767065
-0.04548535, -0.1437318, -0.254405, -0.3632482
-0.01103174, -0.02293574, -0.0382958, -0.04892141
0.02366052, 0.09846893, 0.1798162, 0.2583593
0.05724851, 0.2170347, 0.3893137, 0.5451193
0.09041259, 0.3311065, 0.5886368, 0.8310643
0.1212386, 0.4368313, 0.7797287, 1.075462
0.148382, 0.5315952, 0.9504649, 1.319389
0.1742818, 0.6139823, 1.098778, 1.521414
0.1970034, 0.6891389, 1.246509, 1.669921
0.2121464, 0.7469543, 1.334823, 1.809696
0.225324, 0.7902099, 1.410583, 1.932972
0.2333279, 0.8141878, 1.460406, 1.992151
0.2367583, 0.8238007, 1.465222, 1.981844
0.2339484, 0.8129838, 1.445529, 1.976314
0.2283311, 0.7884427, 1.393556, 1.901723
0.216425, 0.7464631, 1.326986, 1.815385
0.2000511, 0.6929672, 1.220515, 1.671568
0.1789778, 0.6217062, 1.112349, 1.50355
0.1549223, 0.535744, 0.9618996, 1.302548
0.1271713, 0.4430875, 0.7892751, 1.064216
0.09703907, 0.3353765, 0.6008165, 0.8149743
0.06556875, 0.2255103, 0.403253, 0.5505477
0.03306912, 0.1101518, 0.1966504, 0.2613626
-0.0002953906, -0.006591703, -0.01484939, -0.02715711
-0.03338075, -0.1249023, -0.22418, -0.3198289
-0.06563752, -0.2398457, -0.4328081, -0.6122919
-0.09709748, -0.3484578, -0.6284753, -0.8989249
-0.1260841, -0.4493496, -0.8085951, -1.177
-0.1510933, -0.5420924, -0.989818, -1.443715
-0.1749868, -0.6290431, -1.125775, -1.645441
-0.1938002, -0.7038124, -1.254498, -1.865231
-0.210081, -0.7637705, -1.358622, -2.06179
-0.2209803, -0.7975285, -1.435847, -2.154536
-0.2266059, -0.8238688, -1.492016, -2.202512
-0.2276915, -0.8291903, -1.503966, -2.240153
-0.2243256, -0.8172843, -1.484149, -2.232397
-0.2158828, -0.7867717, -1.435823, -2.133991
-0.2034086, -0.7403775, -1.321857, -2.018832
-0.1878126, -0.6752855, -1.211997, -1.804454
-0.1666392, -0.5985466, -1.070377, -1.605012
-0.14349, -0.5089631, -0.9093226, -1.373394
-0.1171033, -0.4115293, -0.7364497, -1.062528
-0.08809409, -0.3028862, -0.5463719, -0.7804661
-0.05695657, -0.1905852, -0.3391322, -0.4972763
-0.02508855, -0.07607333, -0.1338023, -0.1837664
0.007412043, 0.03945924, 0.07452062, 0.1128611
0.03927822, 0.1555677, 0.2844011, 0.398226
0.07105234, 0.2640456, 0.4761418, 0.6725647
0.1010836, 0.368944, 0.6675339, 0.9243646
0.128073, 0.4652397, 0.842423, 1.160793
0.1539349, 0.5491111, 0.9895868, 1.370221
0.1747107, 0.6249061, 1.126081, 1.5534
0.1933405, 0.6906322, 1.243035, 1.697106
0.2075257, 0.7337722, 1.329343, 1.798839
0.2166526, 0.7666464, 1.395073, 1.915146
0.2225328, 0.7830679, 1.403236, 1.910687
0.2228493, 0.7816171, 1.398455, 1.916737
0.2182714, 0.7603865, 1.369824, 1.850681
0.2099228, 0.729347, 1.315442, 1.790143
0.1961973, 0.6819684, 1.220611, 1.673747
0.1787867, 0.6206003, 1.123977, 1.52523
0.156763, 0.5493883, 0.9890642, 1.327536
0.1318729, 0.4613535, 0.83047, 1.111115
0.1048219, 0.3655075, 0.6572612, 0.8929684
0.07593355, 0.2630823, 0.4702671, 0.6442843
0.04527615, 0.1545147, 0.2781364, 0.3769969
0.01393449, 0.04382518, 0.07500312, 0.1000902
-0.01762483, -0.06833112, -0.1272978, -0.1833781
-0.04846385, -0.1803915, -0.3275251, -0.4647652
-0.07913633, -0.2875206, -0.5263594, -0.7559896
-0.1073234, -0.3862128, -0.7050089, -1.009296
-0.1330264, -0.4804204, -0.8744877, -1.279963
-0.1571472, -0.5646372, -1.028756, -1.508199
-0.1769818, -0.6394858, -1.161128, -1.681774
-0.192623, -0.6984737, -1.25939, -1.928702
-0.2049082, -0.7492709, -1.337955, -2.033096
-0.2128946, -0.7751824, -1.393352, -2.129831
-0.2155826, -0.784014, -1.431563, -2.150554
-0.2138246, -0.7775502, -1.421094, -2.133405
-0.2100953, -0.7568076, -1.392049, -2.059577
-0.1990901, -0.7204626, -1.319396, -1.957054
-0.1849229, -0.6693576, -1.21829, -1.816093
-0.1674231, -0.6040053, -1.083291, -1.626759
-0.1457909, -0.5217906, -0.9377155, -1.43316
-0.1220842, -0.4304436, -0.7749044, -1.137768
-0.09491691, -0.3320535, -0.596784, -0.8765494
-0.06592203, -0.2263673, -0.4100684, -0.6017419
-0.03632585, -0.1199101, -0.2110394, -0.3038596
-0.005743154, -0.00926735, -0.01378892, -0.0144934
0.02516467, 0.1008141, 0.1860313, 0.2679026
0.05509176, 0.2077815, 0.380199, 0.5350569
0.08360616, 0.3077578, 0.5643713, 0.7964807
0.1115511, 0.4012489, 0.7408829, 1.025927
0.1352962, 0.4850227, 0.8935152, 1.243534
0.1572811, 0.5603486, 1.029991, 1.416039
0.1756784, 0.6287355, 1.140843, 1.574346
0.1903527, 0.683203, 1.254588, 1.684503
0.2032478, 0.718735, 1.31223, 1.762398
0.2098731, 0.7384092, 1.34285, 1.829573
0.2101413, 0.7431553, 1.355464, 1.849827
0.2083025, 0.7354876, 1.346242, 1.81924
0.2022959, 0.7082799, 1.296411, 1.768282
0.1914119, 0.669744, 1.219706, 1.652178
0.176229, 0.6187474, 1.123333, 1.517879
0.1568317, 0.5514715, 1.012802, 1.365494
0.1353493, 0.4753031, 0.8657836, 1.174642
0.1114797, 0.3854491, 0.7023613, 0.9622205
0.08362953, 0.2927763, 0.5259491, 0.7256632
0.05605761, 0.1889478, 0.3442884, 0.4739704
0.02648385, 0.08485775, 0.1533438, 0.209462
-0.003433978, -0.02095927, -0.04216776, -0.06248303
-0.03361691, -0.128928, -0.237232, -0.3325292
-0.06246801, -0.2321221, -0.4280533, -0.610072
-0.09113795, -0.3288242, -0.6088465, -0.8811706
-0.1174741, -0.4221652, -0.7759342, -1.123125
-0.1401638, -0.5029413, -0.9242083, -1.373558
-0.1602416, -0.5758225, -1.060351, -1.556208
-0.1771942, -0.6416211, -1.177639, -1.735245
-0.1913957, -0.6919294, -1.262052, -1.939727
-0.2001374, -0.7278953, -1.328025, -2.039706
-0.2054946, -0.7427355, -1.369846, -2.039815
-0.2060092, -0.7452388, -1.366614, -2.03214
-0.2023716, -0.7318472, -1.342057, -2.022793
-0.19569, -0.7016078, -1.285565, -1.965128
-0.1838537, -0.6550348, -1.205545, -1.814188
-0.1686419, -0.6007944, -1.089977, -1.69184
-0.1497616, -0.5249183, -0.9522892, -1.471345
-0.1276581, -0.4474191, -0.8102515, -1.21905
-0.1026771, -0.3508258, -0.6549352, -0.9645682
-0.07562336, -0.2541345, -0.470637, -0.6960841
-0.04712686, -0.1529958, -0.2812703, -0.4087564
-0.01806516, -0.04959767, -0.09108348, -0.128194
0.01158893, 0.05518616, 0.1020328, 0.150033
0.04093338, 0.1591556, 0.2905823, 0.4117021
0.06934555, 0.2562829, 0.4735238, 0.6699784
0.09646283, 0.3491874, 0.6459337, 0.9013014
0.1211712, 0.4286959, 0.8045134, 1.116844
0.1431292, 0.5071869, 0.9488286, 1.306814
0.1620836, 0.57077, 1.060318, 1.465049
0.1784234, 0.6249912, 1.166688, 1.596633
0.1907981, 0.6711971, 1.241347, 1.701277
0.1988205, 0.6958472, 1.294825, 1.757468
0.2024675, 0.7124811, 1.314247, 1.788019
0.2032614, 0.7029194, 1.30252, 1.787655
0.1973563, 0.6881486, 1.271583, 1.738715
0.188332, 0.6552641, 1.21967, 1.66012
0.1746954, 0.6079836, 1.129563, 1.549531
0.1585522, 0.548825, 1.022964, 1.397933
0.1384818, 0.480713, 0.8935764, 1.224488
0.1154566, 0.3985781, 0.7450596, 1.013698
0.09045514, 0.3111261, 0.5807645, 0.8001997
0.06361813, 0.2169888, 0.406244, 0.5631261
0.03557686, 0.1187468, 0.2261163, 0.3075003
0.007014908, 0.01888021, 0.03521725, 0.04760846
-0.02196872, -0.08243411, -0.1530369, -0.2189196
-0.05027539, -0.1832473, -0.3403338, -0.4840121
-0.07788755, -0.2775806, -0.52438, -0.7543778
-0.1033109, -0.3687362, -0.6805573, -0.9888592
-0.1275023, -0.4496217, -0.8445569, -1.232035
-0.1478395, -0.5211575, -0.9809216, -1.448781
-0.1655065, -0.5866053, -1.095454, -1.631461
-0.1803502, -0.6349326, -1.184975, -1.784648
-0.1903182, -0.6734356, -1.245455, -1.949598
-0.1958016, -0.698613, -1.306632, -2.008037
-0.1981385, -0.7049103, -1.316295, -2.010502
-0.195659, -0.7002469, -1.312287, -2.006673
-0.1894719, -0.6763728, -1.273674, -1.939069
-0.1791408, -0.6414442, -1.200248, -1.84183
-0.1664064, -0.5914075, -1.104902, -1.69755
-0.1493421, -0.5234429, -0.98402, -1.522305
-0.1291567, -0.4518773, -0.8450987, -1.26608
-0.1066566, -0.3692398, -0.7007411, -1.023461
-0.08136663, -0.2755034, -0.529081, -0.7754526
-0.05522976, -0.1829913, -0.3500988, -0.5059839
-0.0272075, -0.08524539, -0.162481, -0.2323352
0.00128458, 0.01312685, 0.02277018, 0.03546043
0.02926968, 0.1107407, 0.2077064, 0.2973354
0.05664074, 0.2053796, 0.3864551, 0.5485919
0.08264444, 0.2970455, 0.5595853, 0.7876962
0.107465, 0.3774694, 0.7233463, 1.003019
0.1293416, 0.4537605, 0.8642633, 1.205544
0.1484937, 0.5175931, 0.9831305, 1.380007
0.16491, 0.5707515, 1.090463, 1.504502
0.1779993, 0.6156126, 1.177038, 1.586964
0.1866362, 0.6470605, 1.242988, 1.681962
0.1918078, 0.6623787, 1.272893, 1.719096
0.192283, 0.6628182, 1.281846, 1.728196
0.1894225, 0.6591278, 1.261242, 1.68678
0.1827692, 0.6318023, 1.209022, 1.634864
0.1720872, 0.5967826, 1.137948, 1.555427
0.1572511, 0.5462357, 1.03227, 1.416668
0.1392382, 0.4802577, 0.9173972, 1.246968
0.1187168, 0.4078842, 0.7752135, 1.057061
0.09565615, 0.3259213, 0.6200465, 0.8611306
0.07031673, 0.2405868, 0.460984, 0.6419429
0.04428418, 0.1496406, 0.2862349, 0.3944218
0.01741188, 0.05705001, 0.1071622, 0.1470867
-0.00997501, -0.03862287, -0.07525288, -0.1065418
-0.03727867, -0.1339585, -0.2559417, -0.3572213
-0.06320704, -0.2239157, -0.4322246, -0.6199819
-0.08832232, -0.3135827, -0.5996256, -0.8616691
-0.1112703, -0.3906432, -0.7502267, -1.070573
-0.1318374, -0.46519, -0.8903313, -1.315634
-0.14944, -0.5284568, -1.014068, -1.504532
-0.1647542, -0.58067, -1.120043, -1.629264
-0.1754894, -0.6259045, -1.188714, -1.780499
-0.183136, -0.6524134, -1.23869, -1.894035
-0.1873587, -0.6670699, -1.258912, -1.945787
-0.1869973, -0.6648328, -1.268486, -1.930903
-0.1821102, -0.6514813, -1.24408, -1.92404
-0.1745733, -0.6251279, -1.190403, -1.820343
-0.1634846, -0.5750555, -1.100112, -1.719996
-0.1485785, -0.5249266, -0.9918405, -1.519552
-0.1308234, -0.4550674, -0.8759032, -1.320709
-0.1103587, -0.3768262, -0.7357206, -1.080819
-0.08728331, -0.2963709, -0.5746828, -0.8488432
-0.06288304, -0.2078413, -0.4075048, -0.6033281
-0.03727649, -0.1184442, -0.2325274, -0.3314728
-0.01068482, -0.02599727, -0.05135946, -0.07321504
0.01595743, 0.06681107, 0.1290004, 0.1867954
0.04210036, 0.1573773, 0.3057893, 0.430246
0.06750315, 0.2457423, 0.4734004, 0.6694301
0.09066598, 0.3267244, 0.6355477, 0.8892321
0.1126228, 0.3999306, 0.7828988, 1.073036
0.1324985, 0.4649865, 0.9128206, 1.258951
0.148796, 0.5201852, 1.01307, 1.402341
0.1629728, 0.5673444, 1.10315, 1.5244
0.1730666, 0.5998842, 1.17461, 1.611701
0.1803387, 0.6237302, 1.220047, 1.653201
0.1825745, 0.6306714, 1.234222, 1.670256
0.1811985, 0.626058, 1.225344, 1.656513
0.1755474, 0.607031, 1.18411, 1.620473
0.1679215, 0.5770979, 1.125394, 1.53251
0.1552965, 0.5339731, 1.037905, 1.421542
0.140215, 0.4777427, 0.9365965, 1.269459
0.1215826, 0.4143781, 0.8037307, 1.108039
0.1004049, 0.3404076, 0.668332, 0.9088665
0.0782187, 0.262361, 0.5120894, 0.7090335
0.05389248, 0.1772827, 0.3461262, 0.4813855
0.02854402, 0.09066637, 0.175276, 0.2410395
0.002897637, 0.0003947133, -0.001892066, -0.001901343
-0.02280609, -0.09007946, -0.1769163, -0.250994
-0.04828279, -0.1795438, -0.3511783, -0.4957063
-0.07256262, -0.2626486, -0.5157441, -0.7471514
-0.09486734, -0.3411947, -0.6689029, -0.9631501
-0.1156278, -0.4130185, -0.8071377, -1.18712
-0.1339601, -0.4745629, -0.938095, -1.380692
-0.1494387, -0.532729, -1.033104, -1.532645
-0.15932, -0.5729243, -1.124754, -1.656142
-0.170162, -0.6036999, -1.177745, -1.786831
-0.1759462, -0.6254687, -1.207954, -1.894961
-0.1779965, -0.6284528, -1.221791, -1.877505
-0.1757194, -0.6217747, -1.198129, -1.87129
-0.1698815, -0.5979206, -1.161767, -1.796446
-0.1614298, -0.5630515, -1.089169, -1.708408
-0.14868, -0.5137721, -1.001809, -1.542867
-0.1324957, -0.4538973, -0.8918215, -1.355492
-0.1139825, -0.3879009, -0.7580032, -1.130143
-0.09360167, -0.3125321, -0.6183149, -0.9043087
-0.0709074, -0.2317839, -0.4592276, -0.6786798
-0.04714463, -0.1472094, -0.2914187, -0.4226237
-0.0221977, -0.05979124, -0.1185403, -0.1713334
0.003078948, 0.02863752, 0.05360452, 0.07899376
0.02800622, 0.1156162, 0.2274809, 0.3180854
0.05252028, 0.2004743, 0.3885447, 0.5510263
0.07596415, 0.2796606, 0.5474503, 0.7733721
0.09820902, 0.3512213, 0.6937003, 0.9608328
0.1173927, 0.4154145, 0.8288177, 1.136352
0.1344251, 0.4693913, 0.935985, 1.29003
0.148346, 0.5198895, 1.031741, 1.412506
0.1599976, 0.5569794, 1.107216, 1.518671
0.1683714, 0.5842428, 1.158442, 1.568578
0.1725596, 0.595551, 1.180614, 1.610256
0.1733527, 0.5985627, 1.168851, 1.579808
0.1689203, 0.5821304, 1.150732, 1.548217
0.1628268, 0.5577902, 1.103641, 1.505344
0.1538054, 0.5194524, 1.036522, 1.387546
0.1397629, 0.4720357, 0.9405186, 1.282468
0.1233778, 0.4172139, 0.8246972, 1.123078
0.1049229, 0.3496765, 0.6959481, 0.953714
0.08397151, 0.2767461, 0.5536174, 0.7667352
0.06154934, 0.1992659, 0.4020407, 0.5534769
0.03762708, 0.1188003, 0.2369568, 0.3237596
0.01322933, 0.03481959, 0.0685849, 0.09459698
-0.01138428, -0.05065581, -0.1013419, -0.1422487
-0.03557938, -0.1360103, -0.2681526, -0.3749284
-0.05887982, -0.2189919, -0.4307902, -0.6190767
-0.08155853, -0.2927374, -0.5821539, -0.8351007
-0.1013015, -0.3613599, -0.7281028, -1.04053
-0.1209301, -0.4266837, -0.8515658, -1.253319
-0.1358803, -0.4782712, -0.9655651, -1.412096
-0.1499407, -0.5290511, -1.054965, -1.544322
-0.1589836, -0.562996, -1.112623, -1.657157
-0.1649342, -0.579959, -1.157588, -1.739888
-0.16796, -0.5948083, -1.17939, -1.809301
-0.1687447, -0.5889165, -1.173948, -1.811861
-0.1642149, -0.5740899, -1.13843, -1.776039
-0.157214, -0.5440195, -1.088297, -1.683574
-0.1464241, -0.5037143, -1.006308, -1.53582
-0.1335413, -0.4525826, -0.9068936, -1.364493
-0.1166682, -0.3943624, -0.7915024, -1.166315
-0.09757069, -0.3261424, -0.6551468, -0.9520059
-0.07695132, -0.2525633, -0.507001, -0.751492
-0.05475781, -0.1714159, -0.3481138, -0.5045727
-0.03115263, -0.09031111, -0.1844924, -0.2651441
-0.00735515, -0.008010676, -0.01842572, -0.02453192
0.01620371, 0.07546684, 0.1493456, 0.2129055
0.04010941, 0.155679, 0.3114671, 0.4363221
0.06276771, 0.2304099, 0.4622918, 0.6559685
0.08434873, 0.3028752, 0.6157332, 0.8591507
0.1035485, 0.3690065, 0.7481765, 1.033547
0.1212576, 0.4241227, 0.8598183, 1.179474
0.1366271, 0.4745658, 0.9515175, 1.323582
0.1478939, 0.5089009, 1.034914, 1.425826
0.1576723, 0.5432227, 1.093729, 1.502796
0.1631514, 0.5576619, 1.136572, 1.549441
0.1648119, 0.5651083, 1.14423, 1.545584
0.1634445, 0.5575618, 1.135755, 1.529974
0.1589154, 0.5369586, 1.098598, 1.476416
0.1500932, 0.5090321, 1.031122, 1.398535
0.1398466, 0.4668382, 0.9506506, 1.290269
0.1248778, 0.4139887, 0.8432767, 1.143957
0.1081729, 0.3575796, 0.7237844, 0.9864481
0.0890893, 0.2922085, 0.5893375, 0.8171882
0.06835074, 0.2199143, 0.4501788, 0.6155717
0.04594548, 0.1443983, 0.2944876, 0.4051786
0.02299389, 0.06634557, 0.132982, 0.1830041
-0.0005831132, -0.01422351, -0.0298189, -0.04232061
-0.0240556, -0.0954685, -0.1924486, -0.2688232
-0.046909, -0.1731516, -0.3567316, -0.4957908
-0.06896818, -0.2473418, -0.5069183, -0.7274812
-0.08930359, -0.3179978, -0.6420094, -0.9206434
-0.1080125, -0.3769906, -0.7783664, -1.123544
-0.1244264, -0.4339136, -0.8915137, -1.311914
-0.1370755, -0.4831636, -0.9800343, -1.428367
-0.1492589, -0.5186728, -1.059284, -1.53871
-0.1576032, -0.5437079, -1.103656, -1.621293
-0.1620495, -0.5584321, -1.130376, -1.715397
-0.1626772, -0.5605137, -1.129341, -1.736721
-0.1606883, -0.5520753, -1.113315, -1.718496
-0.1552887, -0.5293064, -1.068061, -1.653312
-0.1463409, -0.4965495, -1.007416, -1.51557
-0.1340282, -0.4502521, -0.9126849, -1.357316
-0.1196508, -0.3964972, -0.8139457, -1.197478
-0.1021829, -0.3344316, -0.692023, -0.9984068
-0.08217697, -0.2677054, -0.5534369, -0.8075147
-0.06155208, -0.1947405, -0.4007465, -0.5757108
-0.03984164, -0.1178865, -0.24291, -0.348937
-0.01700655, -0.04007135, -0.08359294, -0.1193901
0.006119207, 0.0390612, 0.07730693, 0.1108325
0.0292619, 0.1164343, 0.2372797, 0.3307856
0.05171452, 0.1909982, 0.3884455, 0.5429609
0.07269751, 0.2608555, 0.5316244, 0.7507088
0.09317143, 0.3237368, 0.6705978, 0.9150751
0.1105309, 0.3810396, 0.785253, 1.07791
0.1262472, 0.4247392, 0.8830689, 1.217866
0.1392217, 0.473545, 0.9652499, 1.327515
0.1496145, 0.4994535, 1.032538, 1.417733
0.1557426, 0.5223766, 1.073827, 1.483793
0.1601685, 0.5333866, 1.11075, 1.474452
0.1592158, 0.5283299, 1.098913, 1.480125
0.1555602, 0.5196059, 1.066627, 1.424201
0.1496485, 0.4966454, 1.019577, 1.373242
0.1400734, 0.4606176, 0.951638, 1.2736
0.1272108, 0.4176629, 0.8609754, 1.160049
0.1119696, 0.3619367, 0.7421591, 1.015538
0.09458138, 0.3028004, 0.6227186, 0.8525457
0.07474055, 0.2372801, 0.4903485, 0.6703746
0.05370883, 0.1671852, 0.3438354, 0.4758644
0.03215706, 0.09334791, 0.1925001, 0.2673705
0.009467006, 0.01750433, 0.03439495, 0.05127589
-0.01318468, -0.05802568, -0.1228511, -0.1677404
-0.0353689, -0.134441, -0.2801518, -0.3833841
-0.05671415, -0.2086576, -0.4280519, -0.6037634
-0.0773406, -0.2725246, -0.5648935, -0.7963807
-0.09612988, -0.3374644, -0.6852559, -0.9801895
-0.1128694, -0.3911777, -0.8099294, -1.170836
-0.127098, -0.4391133, -0.9090629, -1.33291
-0.1396965, -0.4762717, -0.994055, -1.438792
-0.1486854, -0.5038147, -1.055726, -1.52951
-0.1543457, -0.5216372, -1.081432, -1.603598
-0.1553267, -0.5308378, -1.088837, -1.629349
-0.15517, -0.5251773, -1.075519, -1.6249
-0.1510037, -0.5113919, -1.048257, -1.573904
-0.1427479, -0.4824024, -0.9899208, -1.491756
-0.1344311, -0.4452221, -0.9136437, -1.378662
-0.1210774, -0.3993516, -0.8222223, -1.20145
-0.1067556, -0.342699, -0.7139219, -1.031004
-0.08907094, -0.2803015, -0.582415, -0.8552349
-0.06991196, -0.2132103, -0.4435608, -0.6492925
-0.04890231, -0.1420667, -0.2941233, -0.4218055
-0.02744374, -0.06958052, -0.1426397, -0.202723
-0.00485291, 0.00575091, 0.01239957, 0.01782347
0.01766907, 0.08062326, 0.166979, 0.2329799
0.03930001, 0.1525486, 0.3172646, 0.4390142
0.06053951, 0.2196328, 0.4550399, 0.6418566
0.08029125, 0.2827257, 0.5918293, 0.8206537
0.09825575, 0.3392676, 0.7134802, 0.9776217
0.1144989, 0.3895791, 0.8171926, 1.130952
0.1276475, 0.4331045, 0.894303, 1.256441
0.1382764, 0.4691178, 0.9669557, 1.340743
0.1469766, 0.4918023, 1.012117, 1.385638
0.1517975, 0.4995357, 1.040805, 1.428094
0.1531426, 0.5070678, 1.053392, 1.424096
0.1518214, 0.5004961, 1.036905, 1.400737
0.1476163, 0.4812159, 0.9985108, 1.350887
0.1398157, 0.4499428, 0.9365476, 1.274254
0.1288487, 0.4129277, 0.8511777, 1.174582
0.1146899, 0.3650878, 0.7592236, 1.041874
0.09930726, 0.3106632, 0.6440314, 0.9032439
0.08137076, 0.251164, 0.5210777, 0.7261997
0.06185224, 0.1848997, 0.3858712, 0.5312076
0.04067951, 0.1171543, 0.2442649, 0.334357
0.01895413, 0.04551522, 0.09417649, 0.1290316
-0.003196111, -0.02673901, -0.05622839, -0.08028289
-0.02514233, -0.09921803, -0.2045184, -0.2896164
-0.04629388, -0.1690288, -0.352758, -0.500477
-0.06698728, -0.2347482, -0.4901602, -0.7051105
-0.08597629, -0.2951061, -0.6177127, -0.8848935
-0.103601, -0.3508005, -0.7376351, -1.069707
-0.1180563, -0.3976769, -0.8407933, -1.227696
-0.1295459, -0.4388122, -0.9189454, -1.359628
-0.1406539, -0.4695226, -0.9887056, -1.437937
-0.1459657, -0.4918714, -1.025375, -1.500398
-0.1508278, -0.504922, -1.046263, -1.541839
-0.151485, -0.5033635, -1.042888, -1.543661
-0.148319, -0.4917226, -1.018399, -1.523414
-0.1425452, -0.469662, -0.9758991, -1.450327
-0.133762, -0.4384735, -0.9093913, -1.346499
-0.1224674, -0.397663, -0.8309906, -1.210739
-0.1086828, -0.3472596, -0.7216091, -1.063407
-0.09211756, -0.2905126, -0.6113207, -0.8873395
-0.07376684, -0.2293769, -0.4822949, -0.7065784
-0.05381653, -0.1620726, -0.34207, -0.4917662
-0.03315456, -0.09418605, -0.1986118, -0.2762017
-0.01164826, -0.02289574, -0.0511674, -0.0650349
0.009940944, 0.0477246, 0.09851889, 0.1467688
0.0310316, 0.1183491, 0.2444114, 0.3474035
0.0521821, 0.183282, 0.3818794, 0.546579
0.07148128, 0.2461378, 0.5146301, 0.7219362
0.0890936, 0.2999411, 0.6388914, 0.8845643
0.1054584, 0.3520669, 0.7435485, 1.020891
0.1196013, 0.395983, 0.8278238, 1.143489
0.1305392, 0.4338019, 0.9068442, 1.239455
0.1402297, 0.4592901, 0.9615668, 1.313904
0.1449063, 0.4752616, 0.9899596, 1.352971
0.1476123, 0.4822017, 1.0084, 1.372536
0.1472501, 0.4760506, 1.005175, 1.357989
0.1432161, 0.4650429, 0.9756893, 1.327526
0.1370005, 0.4403393, 0.9268635, 1.258945
0.126815, 0.4114845, 0.848491, 1.166293
0.1147254, 0.3676116, 0.7672174, 1.050511
0.1001275, 0.3176853, 0.6664265, 0.9207706
0.08299029, 0.2623827, 0.5553222, 0.7637329
0.06482229, 0.2024529, 0.4298478, 0.5866817
0.04500122, 0.1376007, 0.2963276, 0.3970017
0.02447277, 0.07052177, 0.1505757, 0.2052316
0.003396119, 0.001296464, 0.005362241, 0.002868964
-0.01767586, -0.06773216, -0.1400602, -0.200999
-0.03836793, -0.1356738, -0.2821013, -0.4051885
-0.05820864, -0.2019717, -0.417563, -0.6068217
-0.07683628, -0.2621465, -0.5481823, -0.7907563
-0.09371036, -0.3155302, -0.6583731, -0.9541504
-0.1084997, -0.3641113, -0.7612663, -1.115872
-0.1210254, -0.4074013, -0.8563751, -1.259051
-0.1316438, -0.4408047, -0.9223795, -1.357502
-0.1389559, -0.4641915, -0.9777245, -1.430904
-0.1431189, -0.479066, -1.012145, -1.482835
-0.1445319, -0.4822819, -1.011192, -1.505357
