0
0.0002756684
0.0008083127
0.0009888647
0.0007121526
0.0004517607
0.0005331024
0.0006245319
0.0003058122
-0.0002813577
-0.0008079283
-0.00102833
-0.001198118
-0.001699208
-0.002353057
-0.002727502
-0.002507045
-0.002007483
-0.001704395
-0.001525989
-0.001104467
-0.0001085898
0.001075451
0.001858389
0.002269038
0.002637971
0.003267058
0.003961444
0.004318582
0.004379145
0.00446908
0.004806165
0.005013575
0.004626247
0.003806516
0.002970103
0.00237066
0.001681744
0.0004575415
-0.001180563
-0.002794574
-0.004001584
-0.005101399
-0.006582253
-0.008188915
-0.009297692
-0.009613425
-0.009603845
-0.009769216
-0.009944272
-0.009685477
-0.008747862
-0.007523556
-0.006455598
-0.005457117
-0.004160925
-0.002274987
-0.0001618127
0.001676609
0.003334158
0.005285885
0.007735344
0.01011056
0.01193883
0.01337348
0.01474418
0.01611889
0.01701417
0.01705683
0.0163206
0.0152666
0.01426106
0.01290133
0.01087857
0.008416526
0.005953002
0.003708915
0.001235145
-0.001756505
-0.005034359
-0.008068162
-0.01054366
-0.01288449
-0.0153193
-0.01766487
-0.0194942
-0.0205537
-0.02131659
-0.02196709
-0.02219224
-0.02153242
-0.01985116
-0.01773431
-0.01553848
-0.0131894
-0.01034979
-0.006926212
-0.003447012
-0.000152579
0.002979858
0.006228325
0.009733248
0.01295926
0.01565293
0.01795051
0.02022801
0.02254551
0.02427238
0.02515064
0.02533338
0.02515055
0.02464549
0.02330773
0.02106
0.01826323
0.01536442
0.01246988
0.009130563
0.005255487
0.001262412
-0.002374016
-0.005660166
-0.009084817
-0.01277231
-0.01633207
-0.01922552
-0.02146861
-0.02354056
-0.02548707
-0.02696763
-0.0275524
-0.02726184
-0.02654735
-0.02551543
-0.02381373
-0.02106687
-0.01761636
-0.01412724
-0.01081461
-0.007377103
-0.003366903
0.000857363
0.004658837
0.008030742
0.01129348
0.01476566
0.01813304
0.02081127
0.02277517
0.02439989
0.02606838
0.02740835
0.02780796
0.02732216
0.02626706
0.02492487
0.02312506
0.02044745
0.01699261
0.01330133
0.009846918
0.00639903
0.00249555
-0.001739396
-0.005832611
-0.009304137
-0.01238449
-0.01562747
-0.01889232
-0.02171678
-0.02374355
-0.02514925
-0.02637041
-0.0273172
-0.02752324
-0.02667713
-0.02519794
-0.02360979
-0.02175794
-0.01928673
-0.01598191
-0.01227741
-0.008792664
-0.005448749
-0.001935894
0.001957211
0.005946129
0.009498122
0.01263784
0.01577497
0.01907002
0.02195233
0.02389912
0.02511297
0.0260638
0.02696775
0.02730094
0.02655225
0.02493224
0.02290759
0.02076167
0.01816899
0.01483503
0.0111083
0.007541929
0.004354359
0.001071489
-0.002656782
-0.006567347
-0.01013642
-0.01308973
-0.01580838
-0.01857997
-0.02129033
-0.02343144
-0.02464598
-0.02545232
-0.02613242
-0.02638923
-0.02577256
-0.02410464
-0.02194092
-0.0196572
-0.01713788
-0.01407679
-0.01046001
-0.006849263
-0.003507501
-0.0003136262
0.003136829
0.00692846
0.01040989
0.01332761
0.01585627
0.01838909
0.02098643
0.02302573
0.02429033
0.02491217
0.0251679
0.02513814
0.02437978
0.0227859
0.02056112
0.01814805
0.0157853
0.01302101
0.009682873
0.006078308
0.002749785
-0.0002063928
-0.003335247
-0.006797824
-0.01026452
-0.01317824
-0.01550532
-0.01778021
-0.02010515
-0.02214111
-0.02344356
-0.02403137
-0.02430342
-0.02434767
-0.02385171
-0.02232717
-0.01991845
-0.01730602
-0.01475642
-0.01202707
-0.008772499
-0.00522322
-0.001909917
0.001162214
0.004266871
0.007615886
0.01096993
0.01381874
0.01606062
0.01802125
0.02010635
0.02203508
0.02322328
0.02359675
0.02342504
0.02301106
0.02215812
0.02045045
0.01796986
0.01523551
0.01273605
0.01020547
0.007116856
0.003646417
0.0003224793
-0.002545608
-0.005279973
-0.00827993
-0.0113819
-0.01414182
-0.01616659
-0.01772184
-0.01932893
-0.02091921
-0.02196413
-0.02206019
-0.02158459
-0.02103511
-0.02024407
-0.01883428
-0.01657833
-0.01388124
-0.0113479
-0.008912603
-0.006255114
-0.003146608
0.000135925
0.003066055
0.005680467
0.008402031
0.01144662
0.01425858
0.01631022
0.01782962
0.01918611
0.02056075
0.02158555
0.02175444
0.0211327
0.02012672
0.01904652
0.01758772
0.01536239
0.01262327
0.009920501
0.007528384
0.005018034
0.001962218
-0.00140018
-0.004493719
-0.00700321
-0.009362555
-0.01194647
-0.01451508
-0.01662656
-0.01799114
-0.01898987
-0.02000716
-0.02080219
-0.02086501
-0.01999569
-0.0187218
-0.01739191
-0.0158901
-0.01386589
-0.01114581
-0.008264687
-0.005604699
-0.00308472
-0.000313536
0.002794764
0.005659038
0.008077249
0.01021199
0.01236104
0.01460769
0.01644108
0.01765082
0.01839526
0.01897285
0.01941099
0.01919005
0.01817131
0.01661844
0.01502554
0.01350749
0.01149447
0.008894744
0.0060814
0.003588133
0.001508042
-0.0007453614
-0.003315414
-0.005897673
-0.008084973
-0.009818859
-0.01155613
-0.01340357
-0.01514346
-0.01641833
-0.01708267
-0.01752429
-0.01792008
-0.01798483
-0.01721224
-0.01563452
-0.01387468
-0.01218051
-0.01035022
-0.008029157
-0.005361908
-0.00290616
-0.0007234592
0.001455352
0.003855639
0.006355643
0.008509821
0.01016755
0.01168752
0.01347937
0.01521563
0.01633784
0.0168087
0.01691828
0.01700968
0.01680772
0.01580431
0.01409857
0.01219022
0.01054795
0.00891532
0.00679216
0.004261062
0.001765431
-0.0002386969
-0.001997732
-0.004042824
-0.006353512
-0.008538025
-0.01016438
-0.01141515
-0.01283385
-0.01441183
-0.01562513
-0.01605933
-0.01603806
-0.01604709
-0.01593402
-0.01530151
-0.01386788
-0.01197917
-0.0102336
-0.008558153
-0.006577288
-0.004093283
-0.001461421
0.0008112188
0.002734645
0.004720354
0.007101155
0.009411029
0.01105155
0.01217646
0.01322854
0.01453228
0.0157027
0.01608788
0.01578847
0.01524744
0.01473866
0.01393567
0.01244162
0.01053282
0.00872755
0.00722998
0.005567575
0.003399674
0.0009963668
-0.001236957
-0.003023619
-0.004688347
-0.006651532
-0.008794647
-0.01065683
-0.01189042
-0.01287692
-0.01403842
-0.01514035
-0.01566414
-0.01538392
-0.01478344
-0.01428768
-0.01373934
-0.01264952
-0.01075949
-0.008619905
-0.006729414
-0.005010896
-0.003082806
-0.0007219132
0.00158189
0.003466918
0.005105088
0.006908388
0.009003324
0.01082618
0.01210451
0.0130352
0.01397625
0.01498426
0.01549452
0.01530336
0.01458368
0.01375351
0.01303823
0.01192752
0.01025789
0.00826231
0.006343431
0.004667445
0.002758845
0.0005011535
-0.001856021
-0.003909713
-0.005552822
-0.00729262
-0.009234092
-0.01108649
-0.01245022
-0.01325621
-0.01402741
-0.01489221
-0.01547575
-0.01531967
-0.01446132
-0.0134419
-0.01247588
-0.01137597
-0.009704199
-0.007488432
-0.00533929
-0.003488766
-0.001697838
0.0003984447
0.002659864
0.004585714
0.00612317
0.007591985
0.009352557
0.01121539
0.01262528
0.01340929
0.01385177
0.01438443
0.01479538
0.014559
0.01371844
0.01257697
0.01146401
0.01031386
0.008687626
0.006552889
0.004380072
0.002691257
0.001200506
-0.0006793093
-0.002866314
-0.004923934
-0.006479921
-0.007791487
-0.009353104
-0.01106906
-0.01247364
-0.01318754
-0.01348494
-0.01381355
-0.01409971
-0.01397868
-0.01308167
-0.01174868
-0.01053027
-0.009337846
-0.007856943
-0.0058839
-0.003729088
-0.001880117
-0.0003112528
0.001348865
0.003404307
0.00546285
0.00696473
0.008074599
0.009192246
0.01056113
0.01185901
0.01255706
0.0127433
0.01278146
0.01292291
0.01287692
0.01215786
0.01086503
0.00953344
0.008500658
0.007319931
0.005558917
0.003472288
0.001514063
7.392926e-06
-0.001363384
-0.003118765
-0.005134226
-0.006927564
-0.008193754
-0.009269142
-0.01059232
-0.01194602
-0.0127692
-0.01281327
-0.01255416
-0.01243685
-0.01228866
-0.01164285
-0.01028354
-0.008662801
-0.00721791
-0.005943617
-0.004449156
-0.002463419
-0.0005245659
0.0009609866
0.002192318
0.003616587
0.005412724
0.007035527
0.008139206
0.008884087
0.009723774
0.01084756
0.01169181
0.0119144
0.01159897
0.0111697
0.01090813
0.01032019
0.009165459
0.007669583
0.006310596
0.005311546
0.004105791
0.00246966
0.0006906048
-0.0008247916
-0.001982778
-0.003262051
-0.004786592
-0.0063637
-0.007601374
-0.008334506
-0.009086262
-0.01000625
-0.01082523
-0.01111531
-0.01079647
-0.01042313
-0.01013191
-0.009720029
-0.008860025
-0.007500255
-0.006199992
-0.005172769
-0.00416662
-0.002797466
-0.001064831
0.0005015942
0.001699648
0.002807893
0.00427682
0.00600051
0.007385924
0.008283771
0.008964254
0.009830291
0.01077176
0.01122768
0.01104662
0.01054117
0.0101171
0.009642808
0.008680065
0.007218964
0.005659689
0.00447742
0.003496062
0.002199402
0.0004972955
-0.001253517
-0.002548174
-0.003627743
-0.005006872
-0.006579848
-0.007932104
-0.008684703
-0.009082232
-0.009634393
-0.01029992
-0.01066062
-0.01031797
-0.009528664
-0.008830354
-0.008273024
-0.007504832
-0.006145774
-0.004540512
-0.003236301
-0.002217652
-0.001134261
0.0003941631
0.002040391
0.003271094
0.004147818
0.005022032
0.006272626
0.007587467
0.008348271
0.00859928
0.008763168
0.009172692
0.009520518
0.00927793
0.008527328
0.007689985
0.007090852
0.006446389
0.005288259
0.003775733
0.002372357
0.001431055
0.0006471192
-0.0005475825
-0.002094418
-0.003471581
-0.004281896
-0.004900767
-0.005874403
-0.007026187
-0.007774357
-0.007853151
-0.00776442
-0.007951644
-0.008221722
-0.00819632
-0.007600211
-0.006767572
-0.006160583
-0.005668554
-0.004880362
-0.003620422
-0.002390221
-0.001564481
-0.0009068461
