0
0.0003817455
0.0006931573
-0.0003798621
-0.002793258
-0.005581376
-0.007795764
-0.009893117
-0.01279769
-0.01573401
-0.01783011
-0.01857425
-0.01831219
-0.01780536
-0.0165683
-0.01384912
-0.009130479
-0.00312032
0.003035293
0.009554151
0.01705761
0.02588679
0.03479438
0.04237592
0.04892273
0.05498089
0.06076899
0.06500946
0.06642478
0.06555876
0.06294293
0.05881817
0.05246638
0.04297839
0.03115357
0.01796817
0.003860314
-0.01155384
-0.02871007
-0.04680204
-0.0643857
-0.08027717
-0.09501952
-0.1091829
-0.1216053
-0.1308916
-0.136252
-0.1384285
-0.1381143
-0.1344003
-0.1263547
-0.1136843
-0.09762155
-0.07927755
-0.0582716
-0.03436297
-0.007815073
0.01987265
0.04734917
0.07454057
0.1015126
0.1278226
0.1514454
0.1710574
0.1872392
0.2002266
0.2096374
0.2141343
0.212729
0.2059733
0.1947907
0.179663
0.1596836
0.1344664
0.1052882
0.07365023
0.04037746
0.004854771
-0.03270395
-0.07055475
-0.1069591
-0.1407898
-0.1723642
-0.2015963
-0.2272385
-0.2477203
-0.2620625
-0.2711257
-0.2751887
-0.2732834
-0.2645023
-0.2487419
-0.2276319
-0.2020646
-0.1717255
-0.1364859
-0.09692344
-0.05502518
-0.01209038
0.03157913
0.07567876
0.1193018
0.1602949
0.197478
0.2306241
0.2595278
0.2836426
0.3013371
0.3118595
0.3155914
0.3132499
0.3048114
0.2891273
0.2663492
0.2375117
0.2039183
0.1663697
0.1244607
0.0790277
0.0316549
-0.01611798
-0.06326245
-0.1098827
-0.1551906
-0.1975007
-0.2350203
-0.2670934
-0.2942421
-0.3158363
-0.3307694
-0.3379894
-0.3374494
-0.330387
-0.3168145
-0.2963094
-0.2687411
-0.2349508
-0.1967844
-0.1549008
-0.1094002
-0.06064501
-0.01015417
0.03991439
0.08873774
0.1359442
0.1809969
0.2224135
0.2583611
0.2884104
0.3126229
0.3310724
0.3427161
0.3462168
0.342115
0.3313011
0.3142671
0.2907131
0.2601942
0.2236338
0.1826989
0.138964
0.0924511
0.04313105
-0.00742953
-0.05738033
-0.1050276
-0.150315
-0.1935191
-0.2332668
-0.2677438
-0.2955806
-0.3171539
-0.3330036
-0.3421893
-0.3438086
-0.337542
-0.3243556
-0.3053479
-0.2803434
-0.2489681
-0.2114455
-0.1697244
-0.1255442
-0.07900091
-0.03029665
0.01979584
0.06920335
0.1161229
0.160252
0.2015408
0.2394575
0.2719213
0.2974493
0.3164608
0.3294702
0.3365943
0.336588
0.3285185
0.313373
0.2923585
0.2661551
0.2342996
0.1967509
0.1550933
0.1110897
0.06581892
0.01893293
-0.02929065
-0.07694212
-0.1222186
-0.1640328
-0.2026401
-0.2380285
-0.2688935
-0.2936298
-0.3112746
-0.3226683
-0.3282782
-0.3272209
-0.318703
-0.3027531
-0.2810461
-0.2546176
-0.223044
-0.1861851
-0.1448889
-0.1011043
-0.05603327
-0.0100162
0.03668048
0.08327461
0.1276301
0.168491
0.2057375
0.2391896
0.2682456
0.2912547
0.3073454
0.3167664
0.3201951
0.3177989
0.308375
0.2918527
0.2692729
0.2418068
0.2101141
0.1736729
0.1330504
0.08966249
0.0451259
0.0004664065
-0.04467183
-0.08958633
-0.1326732
-0.1722114
-0.2073593
-0.2387534
-0.2659703
-0.2877367
-0.3027059
-0.3106933
-0.312921
-0.3092226
-0.2990355
-0.2821015
-0.258857
-0.2309044
-0.1987297
-0.1623587
-0.1220952
-0.07901324
-0.03499657
0.009350318
0.05373181
0.09757793
0.1395587
0.1777115
0.2115821
0.2411909
0.2664588
0.2864905
0.2997154
0.3061078
0.3063329
0.3009451
0.2895683
0.2714005
0.247061
0.2178914
0.1851965
0.1488915
0.1086529
0.06592365
0.02231067
-0.02097986
-0.06375092
-0.1060003
-0.1464433
-0.1833616
-0.2152771
-0.2425333
-0.2657088
-0.2838472
-0.2957061
-0.3004034
-0.2988987
-0.2921647
-0.2794916
-0.2605094
-0.2354484
-0.2055959
-0.1724083
-0.1361401
-0.09667404
-0.05418162
-0.01052269
0.03237905
0.07427416
0.1150147
0.1539502
0.1893724
0.2198422
0.2454548
0.2664692
0.2827159
0.2928582
0.2958457
0.2923634
0.2833114
0.2691676
0.2492867
0.2232843
0.1923786
0.1581747
0.121755
0.08257923
0.04057553
-0.00244104
-0.0446364
-0.08492509
-0.1236646
-0.1608035
-0.1946997
-0.2238375
-0.2474228
-0.2660339
-0.2800266
-0.2883779
-0.2899817
-0.2845728
-0.2736014
-0.2580411
-0.2374172
-0.2112821
-0.1798383
-0.1448736
-0.1078602
-0.0688768
-0.0279166
0.01429974
0.05570002
0.09496277
0.1321414
0.1672024
0.1993865
0.226839
0.2486618
0.2651873
0.2768062
0.2833237
0.2834664
0.2769121
0.2643635
0.2469511
0.2252866
0.1984964
0.166848
0.1316611
0.09440289
0.05603096
0.0160657
-0.0249488
-0.06537711
-0.1036886
-0.1392777
-0.1725705
-0.2028242
-0.2288467
-0.2494766
-0.2641996
-0.27391
-0.2784711
-0.2772294
-0.2696572
-0.2558901
-0.2374355
-0.2148023
-0.1877352
-0.1560025
-0.1203653
-0.08285473
-0.04424862
-0.004687923
0.03559595
0.07549921
0.1129908
0.1475137
0.1790332
0.2074408
0.231915
0.2507762
0.2636978
0.2712102
0.2738961
0.2712151
0.262074
0.2468882
0.2267457
0.2028389
0.1751155
0.1429827
0.1074038
0.06989953
0.03189145
-0.006568808
-0.0457884
-0.08438046
-0.1207637
-0.1538557
-0.1836149
-0.2103481
-0.2332368
-0.2508929
-0.2622492
-0.2681096
-0.2693419
-0.2651982
-0.2550717
-0.2387307
-0.2173624
-0.1924431
-0.1638685
-0.1314221
-0.09544681
-0.05762964
-0.01958432
0.01842463
0.05633297
0.09390644
0.1293691
0.1610521
0.1891082
0.2137895
0.2349115
0.2509299
0.2605247
0.2642888
0.2630461
0.2571653
0.2458298
0.228458
0.206148
0.1802327
0.1514181
0.1192029
0.0835957
0.04612471
0.008320954
-0.028733
-0.06526802
-0.1014112
-0.1358362
-0.1669162
-0.1934934
-0.2160878
-0.2351028
-0.2494239
-0.2578019
-0.2598166
-0.2568233
-0.2496344
-0.2375212
-0.2198228
-0.1965326
-0.1693428
-0.1396391
-0.1072981
-0.07223362
-0.03498989
0.002618248
0.03929935
0.07498522
0.1096558
0.1428117
0.1725216
0.1976412
0.2185525
0.2355059
0.2481126
0.2550249
0.2558034
0.251082
0.2416978
0.2280719
0.2092905
0.185389
0.1575386
0.1270539
0.09470083
0.05990106
0.02314948
-0.0140817
-0.05030651
-0.0846667
-0.1176736
-0.1489363
-0.1771925
-0.2010096
-0.2198296
-0.2346488
-0.2452727
-0.2507794
-0.2504139
-0.2441198
-0.2332881
-0.2183214
-0.1989091
-0.1747269
-0.146182
-0.1151386
-0.08236999
-0.0479683
-0.01207242
0.02445711
0.05975379
0.09325695
0.1248445
0.154385
0.1812455
0.2037196
0.2211597
0.2338445
0.2423577
0.2463065
0.2444128
0.2368987
0.2245682
0.208308
0.1882092
0.1634791
0.1347358
0.1033899
0.07085291
0.03726663
0.002074324
-0.03371935
-0.06852599
-0.1010103
-0.1311883
-0.1595093
-0.1849863
-0.2063021
-0.2223142
-0.2333629
-0.2403433
-0.2427272
-0.2396847
-0.2305471
-0.2164123
-0.1988676
-0.177617
-0.152307
-0.1231245
-0.09136795
-0.05861308
-0.02510054
0.009255244
0.04421664
0.07815593
0.109471
0.1381551
0.1644025
0.1881035
0.2077868
0.2220705
0.2313311
0.2361686
0.2368843
0.2326631
0.222691
0.2076535
0.1887695
0.1669011
0.1413813
0.1119457
0.07995736
0.04683446
0.01375003
-0.01954439
-0.0533561
-0.0863986
-0.1170829
-0.1443755
-0.1687957
-0.1906271
-0.2086669
-0.2216085
-0.2289156
-0.2317831
-0.2308715
-0.2252873
-0.2143562
-0.1981211
-0.1780555
-0.1553139
-0.1297051
-0.1009117
-0.06916472
-0.03620767
-0.003443821
0.02908462
0.0616152
0.09378654
0.123526
0.1495344
0.1722796
0.1921441
0.2087467
0.2204837
0.2265732
0.2277446
0.2247926
0.2178805
0.2060176
0.1890506
0.1680627
0.1443042
0.1185077
0.08986249
0.05839171
0.0255998
-0.00697852
-0.03859356
-0.06976654
-0.1002229
-0.1287672
-0.1539587
-0.175121
-0.1931446
-0.2078226
-0.2181074
-0.2231961
-0.2229659
-0.2185589
-0.2102606
-0.1976684
-0.1804026
-0.1587096
-0.1341965
-0.1076052
-0.07892022
-0.04802885
-0.01553717
0.0166211
0.04777182
0.07789786
0.1069218
0.1342646
0.1581451
0.1779224
0.1938863
0.2064498
0.215254
0.2189841
0.2175855
0.2116703
0.2020024
0.1885727
0.1705308
0.1484982
0.1236201
0.09695331
0.06869771
0.03826872
0.006422128
-0.02535478
-0.05565637
-0.08442178
-0.1122043
-0.1381226
-0.1609249
-0.1794975
-0.1939663
-0.2051537
-0.2125229
-0.2151851
-0.2125193
-0.2052042
-0.1945008
-0.1803305
-0.1621709
-0.1397542
-0.1142657
-0.08725046
-0.05888822
-0.0290405
0.002241233
0.03350691
0.06314918
0.09101634
0.1173764
0.142282
0.1641876
0.1816313
0.1947552
0.2041157
0.2102394
0.2120847
0.2085119
0.2000707
0.1877743
0.1724429
0.1534621
0.13033
0.1042316
0.07654873
0.04828335
0.01900994
-0.01163132
-0.04242353
-0.07183734
-0.0987014
-0.1234908
-0.1466436
-0.1670312
-0.1832872
-0.1946369
-0.2021455
-0.2065737
-0.2069398
-0.2023485
-0.1925516
-0.1788779
-0.1625913
-0.1432967
-0.1204567
-0.09433161
-0.06656253
-0.03834599
-0.009536639
