0
0.000736002
0.001911769
0.001660043
-3.694919e-05
-0.001787963
-0.002529095
-0.003121193
-0.005145067
-0.007903861
-0.01007036
-0.01073862
-0.01061858
-0.01121914
-0.01199584
-0.01155523
-0.008884806
-0.005045273
-0.001768295
0.00133901
0.005437853
0.01145192
0.01789582
0.02270623
0.02637081
0.03001924
0.03442865
0.03831511
0.03979977
0.03942194
0.03822396
0.03676338
0.03407877
0.02876329
0.02162944
0.01394222
0.006310357
-0.002218232
-0.012845
-0.02464518
-0.03596661
-0.04546749
-0.05398934
-0.06292945
-0.07129891
-0.07753967
-0.08091369
-0.08245803
-0.08302663
-0.08179682
-0.07777161
-0.07012924
-0.06031978
-0.04999567
-0.03851619
-0.02485802
-0.008470719
0.008957091
0.02550254
0.04136457
0.05754418
0.07448838
0.08999997
0.1023553
0.1125892
0.1214276
0.1285493
0.132313
0.1316136
0.1273074
0.1205942
0.112148
0.1006091
0.08493613
0.0664949
0.04692275
0.02706581
0.005758528
-0.01778234
-0.04200765
-0.06497432
-0.08561836
-0.1049328
-0.1235999
-0.1404466
-0.1535649
-0.1620328
-0.1675241
-0.1707965
-0.1706175
-0.1656783
-0.1554975
-0.1418808
-0.1262065
-0.108037
-0.08639252
-0.0611581
-0.03464149
-0.008313165
0.01811484
0.0453592
0.07330854
0.09944541
0.1224195
0.1427206
0.1610608
0.1773197
0.1893712
0.1961825
0.1983568
0.1970166
0.1924388
0.1829294
0.1682241
0.1496443
0.1286759
0.1057657
0.07962224
0.05053403
0.02011951
-0.009924134
-0.03893822
-0.06813499
-0.09734293
-0.1249044
-0.1488928
-0.1687951
-0.1860489
-0.2003932
-0.2104102
-0.2148987
-0.2140369
-0.2095924
-0.201596
-0.188996
-0.1708699
-0.1480521
-0.1232086
-0.09708992
-0.06889388
-0.03794044
-0.005467267
0.02612618
0.05637965
0.08568071
0.1142892
0.1410231
0.1638283
0.1825186
0.1977344
0.2102041
0.2189666
0.2218308
0.2188875
0.2115053
0.200867
0.1863872
0.1666646
0.1425035
0.1158374
0.0881703
0.05896803
0.0273327
-0.005617554
-0.03800847
-0.0681195
-0.09647204
-0.1241306
-0.1500236
-0.1723831
-0.189743
-0.2028276
-0.2129242
-0.2191815
-0.2202828
-0.2156736
-0.2066703
-0.194731
-0.1792781
-0.1592802
-0.1344732
-0.1069289
-0.07878296
-0.04979028
-0.01928552
0.01288302
0.04486388
0.07454497
0.1019701
0.1280022
0.1528281
0.1741916
0.1902262
0.2017255
0.2099949
0.2154564
0.2161508
0.2106902
0.2004234
0.1868507
0.1707149
0.150954
0.1267328
0.09960994
0.07154232
0.04339072
0.01387591
-0.01752465
-0.04892534
-0.07840394
-0.1048935
-0.1292445
-0.1522191
-0.1726809
-0.1887947
-0.1995953
-0.2065317
-0.2105809
-0.2107061
-0.2056427
-0.1951093
-0.1809857
-0.1643537
-0.1443751
-0.1204959
-0.09317933
-0.06453577
-0.03597372
-0.007256043
0.02242534
0.05294007
0.08174405
0.107463
0.1306855
0.1521074
0.1715144
0.1868567
0.1972629
0.203282
0.2057807
0.2050696
0.199484
0.1885846
0.1735045
0.1557751
0.1361359
0.1131466
0.08666944
0.05817974
0.02948633
0.001485644
-0.0270664
-0.05628325
-0.08466668
-0.1102436
-0.1323053
-0.1523542
-0.1704142
-0.1850139
-0.1946119
-0.1991476
-0.2005017
-0.1987891
-0.1929819
-0.1821463
-0.1664206
-0.1478728
-0.1273036
-0.1043612
-0.07858615
-0.05064059
-0.02269967
0.004822086
0.03246775
0.0604375
0.08769903
0.1121207
0.1333662
0.1520377
0.1688177
0.1829676
0.1923123
0.1965406
0.1965306
0.1933192
0.1865822
0.174907
0.158759
0.1396333
0.1189329
0.09630831
0.07062232
0.04287995
0.01471315
-0.01256721
-0.03919804
-0.0661755
-0.09265967
-0.1167616
-0.1368556
-0.1537983
-0.1688897
-0.1811209
-0.1890274
-0.1916329
-0.1901332
-0.1861065
-0.1787242
-0.1668905
-0.1502773
-0.1303093
-0.1090275
-0.08651321
-0.0618531
-0.03454401
-0.006379408
0.02043067
0.04610147
0.07153222
0.09669992
0.1196176
0.138611
0.1543036
0.1676068
0.1788475
0.1861982
0.1878326
0.1848568
0.1788198
0.1704374
0.158599
0.1421292
0.1221313
0.1005662
0.07852215
0.05447514
0.0274441
-0.0007424665
-0.02789771
-0.05293674
-0.07697741
-0.1007299
-0.1228218
-0.1416076
-0.1560785
-0.1674057
-0.1766443
-0.1826373
-0.1838507
-0.1798627
-0.1727127
-0.1636385
-0.1514892
-0.1351449
-0.1144617
-0.09162734
-0.06846048
-0.0445563
-0.0190116
0.008116199
0.0345987
0.05905268
0.08207772
0.1042621
0.1253039
0.1432033
0.1568465
0.1670637
0.1747983
0.1798379
0.1802784
0.175556
0.1669924
0.1561612
0.1433518
0.1268053
0.1063404
0.08346886
0.05990899
0.03638757
0.01151644
-0.01477398
-0.04091805
-0.06519983
-0.08715599
-0.1080808
-0.1277321
-0.1448537
-0.1580094
-0.1667571
-0.172824
-0.1764201
-0.1764239
-0.171739
-0.1623764
-0.1503211
-0.1362081
-0.1192988
-0.09883931
-0.07550875
-0.05171153
-0.02799325
-0.003630243
0.02181732
0.04750884
0.07129624
0.09271151
0.11228
0.1306047
0.1471013
0.1596548
0.1677081
0.1720321
0.1737087
0.1721937
0.1658656
0.1553667
0.1421865
0.1274432
0.1106236
0.090433
0.06756237
0.04357934
0.02008124
-0.003238508
-0.02774572
-0.05250495
-0.07581006
-0.09648739
-0.1148972
-0.1320995
-0.1473514
-0.1590531
-0.1660902
-0.1694359
-0.1704591
-0.1685881
-0.1627498
-0.1520472
-0.1376565
-0.1215552
-0.1036493
-0.08319838
-0.05990882
-0.03539524
-0.01158395
0.01162421
0.03501838
0.05903948
0.08189454
0.101648
0.1187314
0.1340152
0.1480182
0.1590864
0.1651922
0.1669421
0.1656467
0.1621357
0.1553998
0.1441918
0.1295582
0.1131485
0.09571059
0.07605012
0.05336456
0.02909026
0.004928802
-0.01800222
-0.04067054
-0.06397633
-0.08643642
-0.1062763
-0.1224111
-0.1359225
-0.1479576
-0.1574044
-0.1627023
-0.163234
-0.1607741
-0.1567353
-0.1501278
-0.1394436
-0.1240885
-0.106075
-0.08725342
-0.06729448
-0.0454241
-0.02149056
0.002542069
0.02506811
0.0466029
0.06808303
0.08959731
0.1089049
0.1244781
0.1372094
0.1481417
0.1571339
0.1621349
0.1621851
0.1583638
0.1521959
0.1441882
0.1325804
0.1169
0.09856693
0.07910369
0.05925035
0.03771301
0.01409316
-0.01024573
-0.03343613
-0.05461136
-0.07510585
-0.09516827
-0.1134819
-0.128357
-0.1393291
-0.1481936
-0.1552133
-0.1591504
-0.1587436
-0.153863
-0.1464987
-0.1372487
-0.1253023
-0.1095994
-0.0902748
-0.06980352
-0.04919567
-0.02797956
-0.005442952
0.01806882
0.04036052
0.06085667
0.08010353
0.09864682
0.1161289
0.1304968
0.1410971
0.148552
0.1537496
0.1563019
0.1543821
0.1483314
0.1395496
0.129045
0.116593
0.1008297
0.08206917
0.06180433
0.04168519
0.02147602
-0.0004224946
-0.02341384
-0.04574487
-0.06586854
-0.08412267
-0.1017856
-0.1179975
-0.1313765
-0.1408417
-0.1468377
-0.1507827
-0.1524406
-0.1506517
-0.144261
-0.1343949
-0.1230311
-0.1097994
-0.09373308
-0.07451554
-0.0537201
-0.03339018
-0.01332206
0.007472327
0.02949221
0.05106021
0.07016107
0.08713101
0.1028838
0.1180877
0.1311469
0.1399021
0.1449089
0.147317
0.1477474
0.1452549
0.1385368
0.1282605
0.1159865
0.1027758
0.08738997
0.06879083
0.04830232
0.02749664
0.007564592
-0.01246057
-0.03374887
-0.05490186
-0.07423133
-0.09080363
-0.1054692
-0.1191557
-0.1308211
-0.1388643
-0.1425341
-0.1435873
-0.1433501
-0.140733
-0.1344079
-0.1238374
-0.1106996
-0.09652347
-0.0807381
-0.06254241
-0.04191224
-0.02084089
-0.0008990209
0.01854655
0.03846633
0.05898486
0.07794841
0.09374787
0.1072478
0.1195704
0.1307561
0.1387417
0.1420855
0.1416937
0.1391091
0.1349661
0.1276918
0.1165456
0.1028172
0.08803871
0.07287325
0.05576363
0.03616298
0.01565088
-0.00420878
-0.02287992
-0.04161794
-0.06076352
-0.07906438
-0.09475898
-0.1072411
-0.1182558
-0.1280948
-0.135453
-0.1390885
-0.138747
-0.136144
-0.1318837
-0.1250733
-0.1145932
-0.1005003
-0.0849169
-0.06864326
-0.05110352
-0.03162066
-0.01061962
0.009606616
0.02848097
0.04677005
0.06516518
0.08331596
0.09898821
0.1114061
0.1213012
0.1296001
0.1359324
0.1383917
0.1368576
0.1323669
0.1262121
0.1184712
0.1074436
0.09327701
0.07735947
0.0610095
0.04428507
0.02575475
0.005481913
-0.01503046
-0.03393057
-0.05141841
-0.06907234
-0.08614799
-0.1009912
-0.1124304
-0.1209907
-0.128124
-0.1333802
-0.135525
-0.1335866
-0.1284157
-0.1218601
-0.1137499
-0.1029026
-0.08850528
-0.07185142
-0.05487731
-0.03757252
-0.01925779
0.0007404546
0.02107483
0.03964439
0.05647383
0.07253712
0.08872519
0.103523
0.1147411
0.1224716
0.1277798
0.1317043
0.1330509
0.1301738
0.1238747
0.1157129
0.1066129
0.09537664
0.08080635
0.06397004
0.04649525
0.02961556
0.01227479
-0.00682156
-0.02651623
-0.04505989
-0.06114974
-0.07565109
-0.08985274
-0.1028776
-0.1129813
-0.1192302
-0.123304
-0.1265169
-0.1277238
-0.1255631
-0.1193572
-0.1107892
-0.1014868
-0.09038249
-0.0763245
-0.05935593
-0.04141378
-0.02415082
-0.00697989
