0
-7.911521e-05
-0.0004488981
-0.001117961
-0.001811775
-0.002518683
-0.003284481
-0.0040318
-0.004784006
-0.005374127
-0.005712008
-0.005812073
-0.005622545
-0.005139493
-0.004221499
-0.002875268
-0.001254625
0.0005853215
0.00262044
0.004906327
0.007416262
0.009996317
0.01237062
0.0144828
0.01654737
0.01849092
0.02005734
0.02093728
0.02116742
0.0210029
0.02026024
0.01872841
0.01631903
0.01312436
0.00944378
0.005292672
0.0005203179
-0.004959722
-0.01089182
-0.0168338
-0.0225458
-0.02801378
-0.0334032
-0.03836462
-0.04236296
-0.04537321
-0.04744629
-0.04849977
-0.04826314
-0.04648403
-0.04318793
-0.03854605
-0.03282222
-0.02602985
-0.01812391
-0.009313492
0.0001199773
0.009777701
0.01950045
0.02919566
0.03851641
0.04712604
0.05465855
0.06101384
0.06627991
0.07023547
0.07258077
0.0730983
0.07189165
0.06923258
0.06507931
0.05933223
0.05189355
0.04300826
0.03322076
0.02264072
0.01124308
-0.0008795245
-0.01342915
-0.0258511
-0.03786892
-0.04943538
-0.06041544
-0.07040401
-0.07887189
-0.08562658
-0.09068082
-0.09400477
-0.0953365
-0.09436303
-0.09113087
-0.08583277
-0.07866127
-0.06962943
-0.05866244
-0.04604616
-0.03214692
-0.01736141
-0.002063752
0.01356061
0.02913119
0.04420536
0.05834185
0.07122684
0.08274595
0.09256539
0.100348
0.1058733
0.1090974
0.110093
0.1087756
0.1050545
0.09894177
0.09069
0.08054452
0.06865206
0.05516395
0.04027702
0.02453055
0.008349095
-0.008005233
-0.02436326
-0.04056257
-0.05595937
-0.07014316
-0.08294611
-0.09413763
-0.1035518
-0.1107838
-0.1156607
-0.1181368
-0.1181555
-0.1157571
-0.1107107
-0.1031258
-0.09332725
-0.08151701
-0.06797023
-0.05277886
-0.03630151
-0.01899619
-0.0011724
0.01670251
0.03432092
0.05127371
0.06703061
0.0812387
0.09362344
0.104044
0.1122356
0.1179839
0.1211747
0.1217137
0.1197906
0.1154209
0.1086008
0.09942222
0.08805188
0.07501111
0.06068255
0.04519872
0.02863718
0.01140674
-0.00588813
-0.02288632
-0.03933935
-0.05520301
-0.07012337
-0.08344432
-0.09480858
-0.1041663
-0.1117107
-0.1171665
-0.1199738
-0.1201671
-0.1179791
-0.1134738
-0.106566
-0.09726688
-0.08581173
-0.07253175
-0.05788445
-0.04204062
-0.0251551
-0.007656499
0.01001923
0.02730316
0.04386916
0.05954239
0.0739294
0.08669188
0.0974932
0.1061807
0.1127276
0.1169456
0.1187023
0.1177904
0.1143018
0.1086395
0.1009169
0.0911696
0.07944195
0.06603421
0.05148372
0.0360859
0.01995899
0.003235285
-0.01355126
-0.0297449
-0.04511436
-0.05957853
-0.07304911
-0.08515307
-0.09536324
-0.1035287
-0.1096529
-0.1137324
-0.11555
-0.1147571
-0.1114246
-0.105807
-0.0981617
-0.08858387
-0.07698462
-0.06362841
-0.04895616
-0.0333213
-0.01699417
-0.0002312007
0.01648359
0.03274265
0.04823292
0.06262667
0.07576032
0.0873109
0.09688951
0.1042765
0.1093926
0.1122791
0.1129212
0.1111742
0.1069527
0.1005547
0.09226984
0.08218599
0.07039916
0.05708665
0.04274752
0.02777793
0.01237257
-0.003347881
-0.01919287
-0.03454124
-0.04897799
-0.06233274
-0.07441507
-0.08512521
-0.09409557
-0.1010787
-0.105981
-0.1087327
-0.1094037
-0.1077714
-0.1038084
-0.09767464
-0.08948869
-0.07955479
-0.06789805
-0.05472438
-0.04043888
-0.02526679
-0.009654789
0.00614136
0.02189239
0.03716004
0.0515574
0.06472214
0.07657324
0.08685105
0.09514984
0.1012999
0.1052199
0.1070532
0.106774
0.104274
0.09954599
0.09267589
0.08406229
0.07391191
0.06226025
0.04918906
0.03507192
0.02055035
0.005822475
-0.009050738
-0.02392006
-0.03843268
-0.05200766
-0.06435581
-0.07537914
-0.08511824
-0.09328231
-0.09934387
-0.1032344
-0.1050309
-0.1048554
-0.1025708
-0.0978815
-0.09094404
-0.08213977
-0.07176936
-0.05990909
-0.04667987
-0.03231951
-0.01718838
-0.001904665
0.01328084
0.02831808
0.04278261
0.0562113
0.06826481
0.07879435
0.08774357
0.0948863
0.09995651
0.10275
0.103318
0.1018435
0.09839677
0.09296564
0.0854384
0.07606931
0.06537084
0.05355094
0.04067483
0.02677913
0.01222464
-0.002350898
-0.01661097
-0.03052709
-0.04411306
-0.05691407
-0.06832401
-0.07816613
-0.08643714
-0.09316561
-0.09808318
-0.1007609
-0.1012083
-0.09959977
-0.09609941
-0.09067433
-0.0831404
-0.07373124
-0.06282701
-0.05074523
-0.0376686
-0.02361618
-0.008965377
0.00582708
0.02037528
0.03434849
0.04771845
0.06017505
0.0712846
0.08075158
0.08839335
0.09424918
0.09822579
0.1001379
0.09980096
0.09728628
0.09284177
0.08652481
0.07836259
0.06845612
0.05721605
0.04505309
0.03211424
0.01853609
0.004458922
-0.009687306
-0.02343877
-0.03664797
-0.04926331
-0.06106541
-0.07153159
-0.08035708
-0.08748532
-0.09289962
-0.0965707
-0.09818873
-0.09765936
-0.09506667
-0.09051879
-0.0842108
-0.07607835
-0.0662553
-0.05499978
-0.04248985
-0.02911864
-0.01515258
-0.0008704134
0.01343067
0.02743752
0.04072846
0.0532142
0.06462411
0.0745292
0.08272819
0.08905652
0.0935478
0.09615311
0.09675639
0.09526989
0.09172776
0.08645256
0.07952543
0.07089341
0.06063498
0.04905212
0.03664181
0.02367048
0.01033915
-0.003285488
-0.01702364
-0.03024521
-0.04264585
-0.05420633
-0.06486917
-0.07438818
-0.08224797
-0.08819836
-0.09231233
-0.09474206
-0.09527782
-0.09359819
-0.08978836
-0.08407049
-0.07674821
-0.06792757
-0.0575893
-0.04593705
-0.03330836
-0.02016772
-0.006659907
0.007185986
0.02094754
0.03419533
0.04657837
0.05790749
0.06806079
0.07684261
0.08400327
0.08917446
0.09239883
0.09382701
0.09334905
0.09088585
0.08633783
0.07992689
0.072056
0.0628208
0.05224516
0.04046396
0.02786043
0.01490075
0.001814017
-0.0112937
-0.02437173
-0.03704112
-0.04875087
-0.05926112
-0.06850898
-0.07656541
-0.08318159
-0.08788118
-0.09059253
-0.09150801
-0.09077939
-0.08822072
-0.08358549
-0.07701979
-0.06884087
-0.0594119
-0.04886097
-0.03712869
-0.02451159
-0.01139874
0.001853655
0.0150073
0.02799442
0.04041527
0.05186276
0.06203359
0.07072713
0.0780544
0.08387993
0.08788387
0.08985694
0.08984544
0.08809735
0.08461196
0.07931323
0.07222278
0.0635816
0.05380504
0.04312988
0.03154758
0.01912129
0.006339131
-0.006355428
-0.01875821
-0.03073383
-0.04218606
-0.05278695
-0.06221947
-0.07029691
-0.0769491
-0.08218598
-0.08569624
-0.08729921
-0.08707589
-0.08508557
-0.08144265
-0.07602279
-0.06889322
-0.06035963
-0.05058949
-0.03982387
-0.02817437
-0.01585862
-0.003218829
0.009480811
0.0218691
0.03380306
0.04503524
0.05521641
0.06418481
0.07168858
0.07774581
0.08225317
0.08498318
0.08586937
0.08479863
0.08197637
0.07757085
0.07165395
0.06423643
0.05536085
0.04548849
0.03488595
0.02361413
0.01173754
-0.0005107347
-0.01257806
-0.02424741
-0.03543227
-0.04597684
-0.05563374
-0.0639945
-0.07093456
-0.07643099
-0.08051292
-0.08303323
-0.08369219
-0.0825042
-0.07956658
-0.07512158
-0.06925486
-0.06179573
-0.05294509
-0.04303904
-0.03239537
-0.02117874
-0.009338644
0.002881828
0.01506096
0.0268108
0.03790594
0.04824517
0.05766977
0.06589299
0.07250696
0.07749709
0.08100729
0.08288033
0.08293346
0.08102471
0.07735062
0.07226446
0.06579225
0.05790518
0.04865495
0.03839817
0.02757264
0.01635549
0.004831175
-0.006969144
-0.0186576
-0.02973726
-0.04004921
-0.04954874
-0.05822829
-0.06579839
-0.07186951
-0.0763225
-0.07923383
-0.08072951
-0.08060887
-0.07865608
-0.07493484
-0.06958772
-0.06293691
-0.05510405
-0.04599336
-0.03582184
-0.02491114
-0.01354118
-0.001872674
0.009976843
0.02166749
0.03283588
0.04310506
0.05231966
0.0605708
0.06764027
0.07322814
0.07711141
0.07925116
0.07988656
0.07892561
0.07614893
0.07161596
0.06562535
0.05854224
0.05041155
0.0411737
0.030901
0.01995774
0.008831172
-0.002301245
-0.01340811
-0.02438516
-0.03487823
-0.0444926
-0.05308944
-0.06072124
-0.0673866
-0.07266176
-0.07614715
-0.07794127
-0.07820883
-0.07692056
-0.07398386
-0.06940383
-0.06326101
-0.05575405
-0.04717536
-0.03760051
-0.02718921
-0.01626442
-0.005106525
0.006049579
0.0171725
0.02801929
0.03823332
0.04756466
0.05568721
0.06257035
0.06818668
0.07238095
0.07503947
0.07605439
0.07559128
0.07365235
0.0701376
0.06507985
0.05860584
0.05112381
0.04274104
0.03347169
0.02345245
0.01284916
0.002143162
-0.008520232
-0.01907775
-0.02928386
-0.03897173
-0.04772827
-0.0553882
-0.06199839
-0.06748908
-0.07166445
-0.07419211
-0.07505439
-0.07433797
-0.0721821
-0.06865804
-0.06355017
-0.0569536
-0.04913054
-0.04039589
-0.03099922
-0.02083289
-0.01005772
0.0009043578
0.01170445
0.02218368
0.03228648
0.0418113
0.05049414
0.05793744
0.06403086
0.06891034
0.07249658
0.07454383
0.07466322
0.07297847
0.06992153
0.06558799
0.05997123
0.05294688
0.04471071
0.03571191
0.02616923
0.01616592
0.005666542
-0.005018524
-0.01542261
-0.0253178
-0.0346392
-0.04352358
-0.0516471
-0.05853312
-0.06412207
-0.06838855
-0.07138319
-0.07293317
-0.0727511
-0.07087878
-0.06752582
-0.06296173
-0.05715372
-0.04999293
-0.04171384
-0.03260713
-0.0229456
-0.0128128
-0.002241778
